# Instrument-source: 'phonon_Dorothy_modified2.instr'
# Date: Wed Mar 15 14 49 2023
# Ncount: 100000
# Numpoints: 80
# Param: E = 0
# type: multiarray_1d(80)
# title: Scan of E
# xlabel: 'E'
# ylabel: 'Intensity'
# xvars: E
# yvars: (l_monitor_before_mono_I,l_monitor_before_mono_ERR) (l_monitor_after_mono_I,l_monitor_after_mono_ERR) (l_monitor_before_sam_I,l_monitor_before_sam_ERR) (e_monitor_before_sam_I,e_monitor_before_sam_ERR) (psd_monitoraftersample_I,psd_monitoraftersample_ERR) (e_monitor_beforeana_I,e_monitor_beforeana_ERR) (psd_monitor_I,psd_monitor_ERR)
# xlimits: 0 10
# filename: mccode.dat
# variables: E l_monitor_before_mono_I l_monitor_before_mono_ERR l_monitor_after_mono_I l_monitor_after_mono_ERR l_monitor_before_sam_I l_monitor_before_sam_ERR e_monitor_before_sam_I e_monitor_before_sam_ERR psd_monitoraftersample_I psd_monitoraftersample_ERR e_monitor_beforeana_I e_monitor_beforeana_ERR psd_monitor_I psd_monitor_ERR
0 1.29011E+13 4.08423E+10 9.93004E+11 1.00869E+10 5.23398E+11 6.13684E+9 5.22758E+11 6.13344E+9 3.43409E+6 69049.9 0 0 0 0
0.1265822784810126582278481013 1.31152E+13 4.15204E+10 9.88638E+11 1.01657E+10 5.17785E+11 6.16815E+9 5.16666E+11 6.16141E+9 3.22579E+6 66773 0 0 0 0
0.2531645569620253164556962025 1.33367E+13 4.22217E+10 9.911E+11 1.02552E+10 5.18966E+11 6.21495E+9 5.18515E+11 6.21216E+9 3.47145E+6 72291.1 0 0 0 0
0.3797468354430379746835443038 1.35502E+13 4.28977E+10 1.03207E+12 1.05651E+10 5.42665E+11 6.42219E+9 5.42166E+11 6.41958E+9 3.68381E+6 74217.9 0 0 0 0
0.5063291139240506329113924051 1.37658E+13 4.35806E+10 1.03017E+12 1.06049E+10 5.47398E+11 6.50072E+9 5.46885E+11 6.49773E+9 3.25287E+6 69443.4 0 0 0 0
0.6329113924050632911392405063 1.39863E+13 4.4279E+10 1.04482E+12 1.07938E+10 5.47152E+11 6.53433E+9 5.45896E+11 6.52707E+9 4.00282E+6 79575.8 0 0 0 0
0.7594936708860759493670886076 1.42077E+13 4.498E+10 1.06805E+12 1.09893E+10 5.67041E+11 6.72153E+9 5.66124E+11 6.71608E+9 4.1133E+6 80734.2 0 0 0 0
0.8860759493670886075949367089 1.44298E+13 4.56831E+10 1.06289E+12 1.10437E+10 5.61439E+11 6.74766E+9 5.60701E+11 6.74324E+9 4.01229E+6 79650.5 0 0 0 0
1.012658227848101265822784810 1.46519E+13 4.6386E+10 1.10096E+12 1.13351E+10 5.88961E+11 6.99014E+9 5.88135E+11 6.98555E+9 4.46932E+6 86829.3 0 0 0 0
1.139240506329113924050632911 1.48778E+13 4.7102E+10 1.09854E+12 1.14067E+10 5.83522E+11 6.97277E+9 5.82482E+11 6.96658E+9 4.07069E+6 81501.3 0 0 0 0
1.265822784810126582278481013 1.51026E+13 4.78135E+10 1.11512E+12 1.15917E+10 5.91777E+11 7.10455E+9 5.90792E+11 7.09857E+9 3.99872E+6 83681.2 0 0 0 0
1.392405063291139240506329114 1.5324E+13 4.85148E+10 1.10783E+12 1.16055E+10 5.87687E+11 7.10592E+9 5.86967E+11 7.10246E+9 4.23253E+6 85439.4 0 0 0 0
1.518987341772151898734177215 1.55537E+13 4.92419E+10 1.11395E+12 1.17567E+10 5.88805E+11 7.1616E+9 5.87848E+11 7.15528E+9 4.15389E+6 86165.3 0 0 0 0
1.645569620253164556962025316 1.57797E+13 4.99578E+10 1.14152E+12 1.19706E+10 6.06165E+11 7.33273E+9 6.05311E+11 7.32844E+9 4.65963E+6 93224.4 0 0 0 0
1.772151898734177215189873418 1.60103E+13 5.06877E+10 1.15747E+12 1.21406E+10 6.11431E+11 7.40063E+9 6.10805E+11 7.39722E+9 4.16724E+6 84652.1 0 0 0 0
1.898734177215189873417721519 1.62373E+13 5.14065E+10 1.15413E+12 1.22152E+10 6.135E+11 7.49634E+9 6.12712E+11 7.4917E+9 4.73611E+6 93694.7 0 0 0 0
2.025316455696202531645569620 1.64738E+13 5.21555E+10 1.18192E+12 1.24265E+10 6.27874E+11 7.60472E+9 6.27353E+11 7.60173E+9 4.66701E+6 95688.4 0 0 0 0
2.151898734177215189873417722 1.67015E+13 5.28764E+10 1.20308E+12 1.26344E+10 6.34054E+11 7.69278E+9 6.32804E+11 7.68435E+9 4.81209E+6 94840.6 0 0 0 0
2.278481012658227848101265823 1.69338E+13 5.36121E+10 1.19939E+12 1.27026E+10 6.4385E+11 7.8368E+9 6.43387E+11 7.83442E+9 5.02611E+6 100321 0 0 0 0
2.405063291139240506329113924 1.71677E+13 5.43532E+10 1.20128E+12 1.27988E+10 6.29466E+11 7.75769E+9 6.28417E+11 7.75177E+9 5.15325E+6 101184 0 0 0 0
2.531645569620253164556962025 1.74044E+13 5.51025E+10 1.22745E+12 1.3054E+10 6.44103E+11 7.93488E+9 6.4334E+11 7.92954E+9 4.77123E+6 97598.4 0 0 0 0
2.658227848101265822784810127 1.76341E+13 5.58294E+10 1.21066E+12 1.30389E+10 6.45471E+11 8.01595E+9 6.44611E+11 8.01145E+9 4.74193E+6 100653 0 0 0 0
2.784810126582278481012658228 1.78722E+13 5.65837E+10 1.23406E+12 1.32527E+10 6.50506E+11 8.08531E+9 6.49883E+11 8.08172E+9 5.03813E+6 105471 0 0 0 0
2.911392405063291139240506329 1.81065E+13 5.73257E+10 1.28206E+12 1.35995E+10 6.79635E+11 8.31832E+9 6.78752E+11 8.31364E+9 4.45286E+6 97269.6 0 0 0 0
3.037974683544303797468354430 1.835E+13 5.80966E+10 1.26293E+12 1.3568E+10 6.70386E+11 8.29077E+9 6.69546E+11 8.28533E+9 5.28865E+6 108956 0 0 0 0
3.164556962025316455696202532 1.85797E+13 5.88244E+10 1.29458E+12 1.38309E+10 6.85933E+11 8.46934E+9 6.84841E+11 8.46086E+9 5.41177E+6 110440 0 0 0 0
3.291139240506329113924050633 1.88234E+13 5.95958E+10 1.3054E+12 1.39913E+10 6.84979E+11 8.50433E+9 6.84076E+11 8.49889E+9 4.77926E+6 101857 0 0 0 0
3.417721518987341772151898734 1.90651E+13 6.0361E+10 1.31611E+12 1.41565E+10 6.98083E+11 8.66371E+9 6.97285E+11 8.65979E+9 5.69237E+6 117503 0 0 0 0
3.544303797468354430379746835 1.92996E+13 6.11037E+10 1.33253E+12 1.42991E+10 7.02446E+11 8.70589E+9 7.01748E+11 8.70117E+9 5.51516E+6 113927 0 0 0 0
3.670886075949367088607594937 1.95448E+13 6.18804E+10 1.33444E+12 1.44041E+10 7.08187E+11 8.81012E+9 7.07491E+11 8.80558E+9 5.53986E+6 113814 0 0 0 0
3.797468354430379746835443038 1.97825E+13 6.26324E+10 1.35075E+12 1.45814E+10 7.19829E+11 8.94309E+9 7.19397E+11 8.94041E+9 5.6698E+6 116134 0 0 0 0
3.924050632911392405063291139 2.00276E+13 6.34088E+10 1.34308E+12 1.46029E+10 7.13387E+11 8.92732E+9 7.12129E+11 8.91723E+9 5.80859E+6 117964 0 0 5.92848 5.92848
4.050632911392405063291139241 2.02611E+13 6.41483E+10 1.37514E+12 1.49036E+10 7.31818E+11 9.15738E+9 7.30447E+11 9.14787E+9 5.99318E+6 124016 0 0 11.5513 11.5513
4.177215189873417721518987342 2.05113E+13 6.49406E+10 1.41159E+12 1.51983E+10 7.43345E+11 9.25346E+9 7.42751E+11 9.24998E+9 6.39483E+6 129777 0 0 63.4477 63.4477
4.303797468354430379746835443 2.07549E+13 6.57119E+10 1.41013E+12 1.52682E+10 7.45478E+11 9.32152E+9 7.44832E+11 9.31709E+9 6.70507E+6 134372 0 0 53.211 33.2808
4.430379746835443037974683544 2.09993E+13 6.64854E+10 1.41628E+12 1.5376E+10 7.4813E+11 9.37546E+9 7.47064E+11 9.36878E+9 6.55072E+6 130608 0 0 161.186 102.074
4.556962025316455696202531646 2.12451E+13 6.72643E+10 1.40788E+12 1.54175E+10 7.40825E+11 9.38331E+9 7.39589E+11 9.37479E+9 6.6907E+6 136041 0 0 468.53 237.678
4.683544303797468354430379747 2.14861E+13 6.80271E+10 1.441E+12 1.57162E+10 7.64741E+11 9.63417E+9 7.63252E+11 9.62425E+9 6.77371E+6 134691 0 0 999.733 362.549
4.810126582278481012658227848 2.17306E+13 6.88015E+10 1.44752E+12 1.58154E+10 7.62002E+11 9.61889E+9 7.60818E+11 9.61135E+9 6.33217E+6 167103 228784 105956 2355.34 570.889
4.936708860759493670886075949 2.19846E+13 6.96058E+10 1.45534E+12 1.59752E+10 7.65214E+11 9.72093E+9 7.64101E+11 9.71408E+9 1.09535E+7 483737 3.48365E+6 441752 1697.4 810.923
5.063291139240506329113924051 2.22232E+13 7.03615E+10 1.46125E+12 1.60532E+10 7.76193E+11 9.82596E+9 7.74822E+11 9.81779E+9 3.33988E+7 2.35891E+6 2.44341E+7 2.32081E+6 1.34966E+6 609729
5.189873417721518987341772152 2.24766E+13 7.11637E+10 1.4728E+12 1.62347E+10 7.81333E+11 9.94676E+9 7.80194E+11 9.93912E+9 8.89546E+7 4.84201E+6 7.36667E+7 4.69145E+6 8.85129E+6 1.88596E+6
5.316455696202531645569620253 2.27246E+13 7.19487E+10 1.49748E+12 1.64592E+10 7.98115E+11 1.00955E+10 7.97087E+11 1.00889E+10 1.75868E+8 7.32536E+6 1.54689E+8 7.13991E+6 1.90645E+7 2.38716E+6
5.443037974683544303797468354 2.29633E+13 7.27044E+10 1.50529E+12 1.65796E+10 8.03195E+11 1.01797E+10 8.02553E+11 1.01759E+10 2.17881E+8 7.92876E+6 1.87925E+8 7.54017E+6 1.63514E+7 1.74053E+6
5.569620253164556962025316456 2.32242E+13 7.35301E+10 1.5285E+12 1.68327E+10 8.1163E+11 1.02705E+10 8.09673E+11 1.02571E+10 2.50975E+8 9.07556E+6 2.12995E+8 8.17739E+6 1.73305E+7 1.68346E+6
5.696202531645569620253164557 2.34674E+13 7.43011E+10 1.55461E+12 1.70591E+10 8.32163E+11 1.04974E+10 8.30854E+11 1.04882E+10 2.17701E+8 7.305E+6 1.85487E+8 6.90267E+6 1.87404E+7 2.06861E+6
5.822784810126582278481012658 2.3724E+13 7.51135E+10 1.5716E+12 1.72587E+10 8.40673E+11 1.06319E+10 8.40124E+11 1.06281E+10 1.90193E+8 5.98915E+6 1.60303E+8 5.7052E+6 1.37995E+7 1.39536E+6
5.949367088607594936708860759 2.39653E+13 7.58773E+10 1.56937E+12 1.7331E+10 8.34446E+11 1.06111E+10 8.33088E+11 1.06035E+10 1.27675E+8 4.17358E+6 1.05086E+8 3.94726E+6 8.9249E+6 957630
6.075949367088607594936708861 2.42179E+13 7.66768E+10 1.55531E+12 1.7332E+10 8.35975E+11 1.07204E+10 8.34902E+11 1.07142E+10 9.2029E+7 3.19942E+6 6.84364E+7 2.95281E+6 4.24217E+6 580697
6.202531645569620253164556962 2.44612E+13 7.74476E+10 1.58718E+12 1.75783E+10 8.38798E+11 1.07021E+10 8.37152E+11 1.06922E+10 6.16655E+7 1.96939E+6 3.75181E+7 1.78588E+6 2.70599E+6 430858
6.329113924050632911392405063 2.4717E+13 7.82573E+10 1.63126E+12 1.7953E+10 8.5243E+11 1.08228E+10 8.50659E+11 1.08098E+10 3.35924E+7 1.12837E+6 1.19533E+7 908909 654512 201931
6.455696202531645569620253165 2.49705E+13 7.90595E+10 1.62114E+12 1.79332E+10 8.58122E+11 1.09467E+10 8.57033E+11 1.09398E+10 2.61381E+7 700888 2.62965E+6 327406 88567.8 41808.5
6.582278481012658227848101266 2.52265E+13 7.98703E+10 1.64727E+12 1.81864E+10 8.86352E+11 1.12322E+10 8.8521E+11 1.12243E+10 2.47468E+7 574736 599534 105110 49057.2 9542.35
6.708860759493670886075949367 2.54748E+13 8.06561E+10 1.61339E+12 1.80704E+10 8.63251E+11 1.11298E+10 8.62643E+11 1.11263E+10 2.3268E+7 524429 21925.2 13027.6 29205.9 7264.87
6.835443037974683544303797468 2.5726E+13 8.14519E+10 1.62242E+12 1.82282E+10 8.61732E+11 1.11507E+10 8.60561E+11 1.11419E+10 1.92052E+7 456920 337.558 251.309 45525.5 9975.66
6.962025316455696202531645570 2.59728E+13 8.22338E+10 1.64101E+12 1.84112E+10 8.8143E+11 1.13577E+10 8.80658E+11 1.13531E+10 2.02497E+7 461111 18027.1 13223.1 71101.8 13743.6
7.088607594936708860759493671 2.6231E+13 8.30509E+10 1.64495E+12 1.85653E+10 8.67167E+11 1.12902E+10 8.65458E+11 1.12795E+10 1.84101E+7 451935 616036 133170 67658 13090
7.215189873417721518987341772 2.6485E+13 8.38548E+10 1.65669E+12 1.86362E+10 8.84989E+11 1.14524E+10 8.83047E+11 1.14396E+10 2.49643E+7 632572 3.01007E+6 398969 216554 99137.3
7.341772151898734177215189873 2.67374E+13 8.46541E+10 1.69212E+12 1.90277E+10 9.01808E+11 1.16655E+10 9.01142E+11 1.16617E+10 3.43435E+7 1.22493E+6 1.32799E+7 1.08228E+6 1.18636E+6 336783
7.468354430379746835443037975 2.6985E+13 8.54378E+10 1.69035E+12 1.90821E+10 9.04471E+11 1.17328E+10 9.02962E+11 1.1724E+10 5.56317E+7 2.05542E+6 3.19065E+7 1.90852E+6 2.56415E+6 476495
7.594936708860759493670886076 2.72443E+13 8.62589E+10 1.71115E+12 1.92294E+10 9.11025E+11 1.17875E+10 9.09764E+11 1.178E+10 8.49915E+7 2.88463E+6 5.7555E+7 2.70323E+6 4.16448E+6 596852
7.721518987341772151898734177 2.74915E+13 8.70411E+10 1.71816E+12 1.93822E+10 9.2415E+11 1.19734E+10 9.2295E+11 1.19657E+10 1.00591E+8 3.22973E+6 7.08722E+7 2.99209E+6 4.82571E+6 655957
7.848101265822784810126582278 2.77519E+13 8.78659E+10 1.69274E+12 1.93089E+10 8.98196E+11 1.17634E+10 8.97267E+11 1.1757E+10 1.20154E+8 3.9389E+6 8.96855E+7 3.7686E+6 6.23517E+6 758220
7.974683544303797468354430380 2.79996E+13 8.86501E+10 1.74699E+12 1.97383E+10 9.28821E+11 1.20599E+10 9.27611E+11 1.20527E+10 1.43415E+8 8.11676E+6 1.02912E+8 5.95222E+6 7.88684E+6 952997
8.101265822784810126582278481 2.82578E+13 8.94675E+10 1.72826E+12 1.97427E+10 9.24552E+11 1.21543E+10 9.23741E+11 1.21485E+10 1.4739E+8 1.07159E+7 1.16617E+8 1.06531E+7 5.22674E+6 603985
8.227848101265822784810126582 2.85121E+13 9.02726E+10 1.75451E+12 1.99579E+10 9.28269E+11 1.21866E+10 9.27473E+11 1.21823E+10 1.2467E+8 8.99178E+6 9.26643E+7 8.57157E+6 5.57177E+6 684816
8.354430379746835443037974684 2.87633E+13 9.10675E+10 1.76389E+12 2.00896E+10 9.40771E+11 1.23149E+10 9.38678E+11 1.22993E+10 1.72859E+8 1.50476E+7 1.28987E+8 1.37194E+7 5.67787E+6 705070
8.481012658227848101265822785 2.90288E+13 9.19082E+10 1.80091E+12 2.04087E+10 9.47818E+11 1.24102E+10 9.46582E+11 1.24027E+10 1.71537E+8 1.48594E+7 1.30926E+8 1.43885E+7 4.49201E+6 576744
8.607594936708860759493670886 2.92639E+13 9.2652E+10 1.80925E+12 2.05353E+10 9.7325E+11 1.26418E+10 9.72254E+11 1.26366E+10 1.82016E+8 1.75965E+7 1.34058E+8 1.593E+7 4.65128E+6 564490
8.734177215189873417721518987 2.9528E+13 9.34883E+10 1.83591E+12 2.081E+10 9.81692E+11 1.27931E+10 9.8041E+11 1.27853E+10 1.84095E+8 1.96885E+7 1.45342E+8 1.82944E+7 2.76068E+6 412117
8.860759493670886075949367089 2.97802E+13 9.42873E+10 1.81279E+12 2.07459E+10 9.71782E+11 1.27776E+10 9.70725E+11 1.27708E+10 1.51348E+8 1.65839E+7 1.1917E+8 1.65474E+7 2.14957E+6 307440
8.987341772151898734177215190 3.0037E+13 9.51001E+10 1.82381E+12 2.08612E+10 9.72225E+11 1.27793E+10 9.70365E+11 1.27667E+10 1.7302E+8 2.34975E+7 1.3589E+8 2.28766E+7 885697 140646
9.113924050632911392405063291 3.02867E+13 9.58905E+10 1.86217E+12 2.11996E+10 9.88963E+11 1.2974E+10 9.8782E+11 1.29666E+10 1.39568E+8 1.63592E+7 9.90309E+7 1.55475E+7 542303 69650.2
9.240506329113924050632911392 3.05422E+13 9.66994E+10 1.82715E+12 2.11054E+10 9.75612E+11 1.29688E+10 9.74062E+11 1.29585E+10 1.36424E+8 1.70199E+7 9.88153E+7 1.51769E+7 787511 131709
9.367088607594936708860759494 3.07921E+13 9.74906E+10 1.91593E+12 2.16769E+10 1.03424E+12 1.34111E+10 1.03228E+12 1.33972E+10 1.70705E+8 1.74435E+7 1.28764E+8 1.69357E+7 1.02016E+6 167353
9.493670886075949367088607595 3.1047E+13 9.82972E+10 1.89151E+12 2.16252E+10 1.01284E+12 1.32887E+10 1.01125E+12 1.3278E+10 2.01797E+8 2.36435E+7 1.5347E+8 2.22293E+7 3.95781E+6 2.63427E+6
9.620253164556962025316455696 3.13077E+13 9.91223E+10 1.89651E+12 2.17458E+10 1.01949E+12 1.34258E+10 1.018E+12 1.34162E+10 2.353E+8 2.08826E+7 1.84045E+8 1.95125E+7 5.43694E+6 4.14682E+6
9.746835443037974683544303797 3.15591E+13 9.99184E+10 1.86776E+12 2.16534E+10 1.00054E+12 1.33543E+10 9.99884E+11 1.33507E+10 2.10013E+8 1.77349E+7 1.66591E+8 1.71137E+7 5.27272E+6 2.5655E+6
9.873417721518987341772151899 3.18071E+13 1.00704E+11 1.93555E+12 2.21341E+10 1.03133E+12 1.35728E+10 1.02948E+12 1.3561E+10 2.27958E+8 1.95458E+7 1.77815E+8 1.88887E+7 3.73809E+6 2.15582E+6
10 3.20715E+13 1.01541E+11 1.93647E+12 2.22319E+10 1.03397E+12 1.36294E+10 1.0324E+12 1.36183E+10 2.04756E+8 1.57098E+7 1.6579E+8 1.55895E+7 1.79072E+6 291788
