# Instrument-source: 'phonon_Dorothy_modified-2.instr'
# Date: Mon Mar 13 12 00 2023
# Ncount: 100000
# Numpoints: 80
# Param: E = 0
# type: multiarray_1d(80)
# title: Scan of E
# xlabel: 'E'
# ylabel: 'Intensity'
# xvars: E
# yvars: (l_monitor_before_mono_I,l_monitor_before_mono_ERR) (l_monitor_after_mono_I,l_monitor_after_mono_ERR) (l_monitor_before_sam_I,l_monitor_before_sam_ERR) (e_monitor_before_sam_I,e_monitor_before_sam_ERR) (psd_monitoraftersample_I,psd_monitoraftersample_ERR) (e_monitor_beforeana_I,e_monitor_beforeana_ERR) (psd_monitor_I,psd_monitor_ERR)
# xlimits: 0 10
# filename: mccode.dat
# variables: E l_monitor_before_mono_I l_monitor_before_mono_ERR l_monitor_after_mono_I l_monitor_after_mono_ERR l_monitor_before_sam_I l_monitor_before_sam_ERR e_monitor_before_sam_I e_monitor_before_sam_ERR psd_monitoraftersample_I psd_monitoraftersample_ERR e_monitor_beforeana_I e_monitor_beforeana_ERR psd_monitor_I psd_monitor_ERR
0 1.28975E+13 4.0831E+10 9.84471E+11 1.00263E+10 5.09614E+11 6.07297E+9 5.09394E+11 6.07155E+9 7.81036E+6 159082 0 0 197921 15295.1
0.1265822784810126582278481013 1.31138E+13 4.15158E+10 1.00759E+12 1.02444E+10 5.26702E+11 6.21568E+9 5.25691E+11 6.20858E+9 8.38539E+6 168439 0 0 156287 13488
0.2531645569620253164556962025 1.33307E+13 4.22025E+10 1.02243E+12 1.04073E+10 5.34343E+11 6.32291E+9 5.33898E+11 6.32094E+9 8.5481E+6 172653 0 0 163569 13332
0.3797468354430379746835443038 1.35476E+13 4.28894E+10 1.01823E+12 1.0456E+10 5.33695E+11 6.36561E+9 5.33406E+11 6.36388E+9 8.46768E+6 177556 0 0 95530.2 9495.16
0.5063291139240506329113924051 1.37655E+13 4.35795E+10 1.04438E+12 1.0685E+10 5.41236E+11 6.45546E+9 5.40622E+11 6.45155E+9 8.52935E+6 175339 0 0 75604.9 8376.56
0.6329113924050632911392405063 1.39824E+13 4.42665E+10 1.04022E+12 1.07565E+10 5.35256E+11 6.45169E+9 5.34809E+11 6.44938E+9 8.4592E+6 176740 0 0 65657.9 7445.97
0.7594936708860759493670886076 1.42092E+13 4.49846E+10 1.05733E+12 1.0923E+10 5.46184E+11 6.58423E+9 5.45208E+11 6.57854E+9 7.94634E+6 174775 0 0 59484.5 6981.37
0.8860759493670886075949367089 1.44309E+13 4.56865E+10 1.08067E+12 1.11316E+10 5.58714E+11 6.7275E+9 5.58242E+11 6.72432E+9 9.01321E+6 189819 0 0 49676.6 5854.44
1.012658227848101265822784810 1.46531E+13 4.63905E+10 1.08193E+12 1.12131E+10 5.62193E+11 6.77945E+9 5.61578E+11 6.77626E+9 9.65326E+6 196687 0 0 31820.7 4418.26
1.139240506329113924050632911 1.48772E+13 4.71001E+10 1.12435E+12 1.15422E+10 5.86493E+11 7.00789E+9 5.85128E+11 7.00017E+9 1.33922E+7 1.63057E+6 2.35179E+6 1.37826E+6 26417.3 4055.61
1.265822784810126582278481013 1.50973E+13 4.77968E+10 1.13372E+12 1.16606E+10 5.91322E+11 7.08115E+9 5.90586E+11 7.0772E+9 4.40427E+7 6.60943E+6 2.4557E+7 5.6279E+6 20177.8 3362.05
1.392405063291139240506329114 1.53226E+13 4.85103E+10 1.13445E+12 1.1729E+10 5.89811E+11 7.10742E+9 5.89158E+11 7.10257E+9 1.66497E+8 1.88911E+7 1.39401E+8 1.83242E+7 3.86082E+6 1.94118E+6
1.518987341772151898734177215 1.55508E+13 4.92329E+10 1.14227E+12 1.1878E+10 5.90582E+11 7.14879E+9 5.89807E+11 7.14399E+9 2.63034E+8 2.33212E+7 2.38562E+8 2.2723E+7 3.70998E+7 8.31659E+6
1.645569620253164556962025316 1.57814E+13 4.99634E+10 1.12352E+12 1.18556E+10 5.84311E+11 7.17866E+9 5.83869E+11 7.17636E+9 5.34254E+8 5.55039E+7 4.84906E+8 5.49399E+7 4.73855E+7 9.21351E+6
1.772151898734177215189873418 1.60049E+13 5.06713E+10 1.15756E+12 1.21296E+10 6.01841E+11 7.37489E+9 6.01311E+11 7.37188E+9 6.58895E+8 8.30994E+7 6.00635E+8 8.27618E+7 2.08483E+7 5.77382E+6
1.898734177215189873417721519 1.62398E+13 5.14145E+10 1.17762E+12 1.23241E+10 6.18035E+11 7.496E+9 6.17464E+11 7.49261E+9 5.32642E+8 5.57849E+7 4.77358E+8 5.4535E+7 9.69161E+6 3.5581E+6
2.025316455696202531645569620 1.64691E+13 5.21407E+10 1.18237E+12 1.24281E+10 6.13022E+11 7.49871E+9 6.12091E+11 7.49265E+9 2.33604E+8 2.57683E+7 2.0316E+8 2.54665E+7 862361 487286
2.151898734177215189873417722 1.67012E+13 5.2876E+10 1.20785E+12 1.26434E+10 6.32703E+11 7.69899E+9 6.32262E+11 7.69675E+9 8.61603E+7 1.07402E+7 6.09076E+7 1.03231E+7 183664 189235
2.278481012658227848101265823 1.69337E+13 5.36119E+10 1.21115E+12 1.27708E+10 6.30035E+11 7.71737E+9 6.29186E+11 7.71285E+9 1.98386E+7 1.32349E+6 5.31418E+6 1.09799E+6 157.659 157.659
2.405063291139240506329113924 1.71663E+13 5.43484E+10 1.21951E+12 1.28986E+10 6.37793E+11 7.81944E+9 6.36709E+11 7.81204E+9 1.1323E+7 276063 268762 143931 180.576 147.341
2.531645569620253164556962025 1.74062E+13 5.51083E+10 1.24162E+12 1.30841E+10 6.47731E+11 7.94192E+9 6.46866E+11 7.93613E+9 1.17845E+7 244696 1515.37 1515.37 583.711 340.087
2.658227848101265822784810127 1.76381E+13 5.58426E+10 1.25704E+12 1.32746E+10 6.60787E+11 8.1093E+9 6.60318E+11 8.10653E+9 1.49552E+7 794327 1.55935E+6 764248 74.9965 74.9965
2.784810126582278481012658228 1.78712E+13 5.65806E+10 1.24991E+12 1.33111E+10 6.56333E+11 8.11763E+9 6.55115E+11 8.10875E+9 5.91371E+7 6.96567E+6 4.01578E+7 6.77272E+6 3.5839E+6 1.27335E+6
2.911392405063291139240506329 1.81037E+13 5.7317E+10 1.28019E+12 1.35694E+10 6.6328E+11 8.1957E+9 6.62342E+11 8.19044E+9 1.99729E+8 1.56219E+7 1.65E+8 1.52482E+7 1.01089E+7 2.2826E+6
3.037974683544303797468354430 1.83463E+13 5.80857E+10 1.2876E+12 1.36952E+10 6.73198E+11 8.31295E+9 6.72451E+11 8.30786E+9 5.52047E+8 3.20521E+7 4.68692E+8 2.82678E+7 2.72409E+7 3.80964E+6
3.164556962025316455696202532 1.85899E+13 5.8856E+10 1.31633E+12 1.39292E+10 6.91453E+11 8.48379E+9 6.90862E+11 8.48021E+9 9.12878E+8 4.23481E+7 7.96548E+8 4.02272E+7 5.89054E+7 6.31489E+6
3.291139240506329113924050633 1.88205E+13 5.9587E+10 1.30212E+12 1.39327E+10 6.75229E+11 8.41186E+9 6.74429E+11 8.40684E+9 9.93086E+8 4.24374E+7 9.03481E+8 4.1709E+7 5.78307E+7 5.54908E+6
3.417721518987341772151898734 1.90577E+13 6.03376E+10 1.32877E+12 1.41825E+10 6.94964E+11 8.6236E+9 6.93249E+11 8.61324E+9 1.14376E+9 4.4646E+7 9.94023E+8 4.21933E+7 6.67006E+7 8.27153E+6
3.544303797468354430379746835 1.93046E+13 6.11194E+10 1.3166E+12 1.42368E+10 6.89657E+11 8.6849E+9 6.89138E+11 8.68143E+9 8.96759E+8 3.26706E+7 7.89859E+8 3.17297E+7 5.22368E+7 5.23289E+6
3.670886075949367088607594937 1.95379E+13 6.18582E+10 1.35068E+12 1.44514E+10 7.11746E+11 8.83155E+9 7.11335E+11 8.82913E+9 7.93883E+8 2.55629E+7 6.83266E+8 2.35003E+7 4.08596E+7 4.12535E+6
3.797468354430379746835443038 1.97889E+13 6.26527E+10 1.36045E+12 1.46254E+10 7.1518E+11 8.93865E+9 7.14551E+11 8.935E+9 5.41683E+8 1.93825E+7 4.66904E+8 1.83762E+7 2.34349E+7 2.83545E+6
3.924050632911392405063291139 2.00251E+13 6.34008E+10 1.40469E+12 1.49448E+10 7.4096E+11 9.12702E+9 7.39693E+11 9.11922E+9 4.12176E+8 1.34699E+7 3.54233E+8 1.28177E+7 1.30097E+7 1.75375E+6
4.050632911392405063291139241 2.02698E+13 6.41757E+10 1.38474E+12 1.49361E+10 7.22494E+11 9.07635E+9 7.22132E+11 9.07411E+9 2.54857E+8 9.712E+6 2.07638E+8 9.14182E+6 1.04703E+7 1.56465E+6
4.177215189873417721518987342 2.051E+13 6.49368E+10 1.39557E+12 1.50775E+10 7.30057E+11 9.19E+9 7.28577E+11 9.18087E+9 1.3539E+8 5.97791E+6 1.03873E+8 5.59137E+6 4.24474E+6 855976
4.303797468354430379746835443 2.07522E+13 6.57033E+10 1.3878E+12 1.51352E+10 7.17201E+11 9.12021E+9 7.1656E+11 9.11635E+9 7.11292E+7 3.39797E+6 4.67111E+7 3.14449E+6 2.96612E+6 705385
4.430379746835443037974683544 2.09977E+13 6.64805E+10 1.4669E+12 1.56429E+10 7.62879E+11 9.46534E+9 7.62312E+11 9.46093E+9 6.2254E+7 2.85015E+6 4.03723E+7 2.67656E+6 2.43046E+6 601804
4.556962025316455696202531646 2.12453E+13 6.72645E+10 1.44093E+12 1.55972E+10 7.48011E+11 9.39974E+9 7.4759E+11 9.39803E+9 1.07157E+8 4.71173E+6 8.12518E+7 4.50328E+6 5.02206E+6 1.11005E+6
4.683544303797468354430379747 2.14881E+13 6.80335E+10 1.48063E+12 1.58989E+10 7.73971E+11 9.66174E+9 7.73102E+11 9.65773E+9 2.10126E+8 7.72326E+6 1.73679E+8 7.35874E+6 1.00395E+7 1.52153E+6
4.810126582278481012658227848 2.17323E+13 6.88068E+10 1.45262E+12 1.58253E+10 7.56912E+11 9.57467E+9 7.56141E+11 9.57075E+9 2.8642E+8 9.08208E+6 2.46496E+8 8.71638E+6 9.61641E+6 1.41647E+6
4.936708860759493670886075949 2.19857E+13 6.96091E+10 1.50066E+12 1.61983E+10 7.90997E+11 9.89262E+9 7.90366E+11 9.88981E+9 3.8327E+8 1.03917E+7 3.26836E+8 9.89869E+6 1.52503E+7 1.83748E+6
5.063291139240506329113924051 2.22198E+13 7.03501E+10 1.51636E+12 1.63664E+10 8.01338E+11 9.99657E+9 8.00092E+11 9.98775E+9 3.83464E+8 1.03762E+7 3.33726E+8 9.95638E+6 1.48218E+7 1.73671E+6
5.189873417721518987341772152 2.24712E+13 7.11466E+10 1.51379E+12 1.64644E+10 7.87123E+11 9.95959E+9 7.85865E+11 9.95113E+9 4.16832E+8 1.07878E+7 3.53126E+8 1.01316E+7 1.36467E+7 1.5047E+6
5.316455696202531645569620253 2.27207E+13 7.19366E+10 1.50917E+12 1.65153E+10 7.92864E+11 1.00782E+10 7.91819E+11 1.00718E+10 4.15445E+8 1.0443E+7 3.53059E+8 9.9436E+6 1.38345E+7 1.60205E+6
5.443037974683544303797468354 2.29732E+13 7.27355E+10 1.54558E+12 1.68017E+10 8.02842E+11 1.01635E+10 8.01739E+11 1.01569E+10 4.17574E+8 1.00137E+7 3.52908E+8 9.52523E+6 1.33141E+7 1.49905E+6
5.569620253164556962025316456 2.32143E+13 7.34994E+10 1.53222E+12 1.68312E+10 8.01842E+11 1.02155E+10 8.01559E+11 1.02143E+10 3.98251E+8 9.44452E+6 3.34587E+8 8.97318E+6 9.61712E+6 1.23351E+6
5.696202531645569620253164557 2.34648E+13 7.42927E+10 1.54566E+12 1.6953E+10 8.08913E+11 1.02967E+10 8.08132E+11 1.02922E+10 3.58665E+8 8.78827E+6 3.02596E+8 8.37003E+6 1.13247E+7 1.15881E+6
5.822784810126582278481012658 2.37202E+13 7.51012E+10 1.5579E+12 1.71284E+10 8.13786E+11 1.03973E+10 8.13386E+11 1.03943E+10 3.46905E+8 8.71996E+6 2.92646E+8 8.32726E+6 9.91528E+6 1.19411E+6
5.949367088607594936708860759 2.39655E+13 7.5878E+10 1.58435E+12 1.73794E+10 8.3332E+11 1.05834E+10 8.32204E+11 1.05773E+10 3.56755E+8 8.73262E+6 2.93464E+8 8.19161E+6 8.43822E+6 1.09901E+6
6.075949367088607594936708861 2.42238E+13 7.66952E+10 1.59412E+12 1.75222E+10 8.39242E+11 1.07135E+10 8.38614E+11 1.07108E+10 3.17477E+8 8.08192E+6 2.64365E+8 7.69457E+6 7.4752E+6 930854
6.202531645569620253164556962 2.44661E+13 7.74629E+10 1.57192E+12 1.74822E+10 8.12864E+11 1.05143E+10 8.12049E+11 1.05075E+10 2.95075E+8 7.60308E+6 2.46852E+8 7.21366E+6 5.82679E+6 760588
6.329113924050632911392405063 2.47151E+13 7.82513E+10 1.61098E+12 1.77865E+10 8.49684E+11 1.089E+10 8.48945E+11 1.08852E+10 2.79697E+8 7.64711E+6 2.31876E+8 7.24208E+6 3.74726E+6 553088
6.455696202531645569620253165 2.49617E+13 7.90316E+10 1.61137E+12 1.7865E+10 8.47618E+11 1.08921E+10 8.46879E+11 1.08877E+10 2.56658E+8 7.16944E+6 2.1117E+8 6.83548E+6 3.96646E+6 561116
6.582278481012658227848101266 2.52226E+13 7.98579E+10 1.62966E+12 1.80895E+10 8.54461E+11 1.10263E+10 8.54079E+11 1.10246E+10 2.37851E+8 6.7444E+6 1.90929E+8 6.3881E+6 4.09707E+6 594216
6.708860759493670886075949367 2.54719E+13 8.06467E+10 1.62948E+12 1.81704E+10 8.58105E+11 1.10743E+10 8.56601E+11 1.10645E+10 2.35397E+8 6.74374E+6 1.91117E+8 6.35948E+6 3.94595E+6 559172
6.835443037974683544303797468 2.57281E+13 8.1459E+10 1.66729E+12 1.84869E+10 8.69437E+11 1.12219E+10 8.68777E+11 1.12176E+10 2.46309E+8 6.80206E+6 1.97914E+8 6.40592E+6 4.11368E+6 582869
6.962025316455696202531645570 2.59741E+13 8.22376E+10 1.68787E+12 1.86677E+10 8.81643E+11 1.13554E+10 8.80692E+11 1.13502E+10 2.49449E+8 7.04365E+6 2.02685E+8 6.669E+6 3.75488E+6 602332
7.088607594936708860759493671 2.62287E+13 8.30432E+10 1.6977E+12 1.8827E+10 8.98158E+11 1.15345E+10 8.96721E+11 1.15262E+10 2.32557E+8 6.55214E+6 1.86948E+8 6.19993E+6 3.00502E+6 485743
7.215189873417721518987341772 2.6478E+13 8.3833E+10 1.71843E+12 1.9013E+10 9.01946E+11 1.15676E+10 9.01073E+11 1.15618E+10 2.50628E+8 6.74623E+6 2.00767E+8 6.32846E+6 2.74978E+6 448676
7.341772151898734177215189873 2.67276E+13 8.46237E+10 1.68494E+12 1.89011E+10 8.89533E+11 1.15637E+10 8.88037E+11 1.15532E+10 2.47749E+8 6.66499E+6 2.00178E+8 6.29459E+6 1.84635E+6 344148
7.468354430379746835443037975 2.69861E+13 8.54412E+10 1.71538E+12 1.91714E+10 8.95367E+11 1.16296E+10 8.93984E+11 1.16204E+10 2.41318E+8 6.51131E+6 1.93128E+8 6.14535E+6 2.05947E+6 402921
7.594936708860759493670886076 2.72452E+13 8.62611E+10 1.71563E+12 1.92682E+10 9.03556E+11 1.17408E+10 9.02146E+11 1.17311E+10 2.26025E+8 6.16587E+6 1.76642E+8 5.74009E+6 2.43873E+6 439943
7.721518987341772151898734177 2.74956E+13 8.70545E+10 1.75436E+12 1.95687E+10 9.11549E+11 1.18073E+10 9.10528E+11 1.1802E+10 2.12007E+8 5.8058E+6 1.70146E+8 5.47676E+6 1.7865E+6 336619
7.848101265822784810126582278 2.77449E+13 8.78435E+10 1.77425E+12 1.97828E+10 9.36392E+11 1.21051E+10 9.35657E+11 1.21016E+10 2.24419E+8 6.0012E+6 1.73494E+8 5.60811E+6 1.87081E+6 369613
7.974683544303797468354430380 2.80053E+13 8.86683E+10 1.79414E+12 2.00129E+10 9.46523E+11 1.22213E+10 9.44426E+11 1.22062E+10 2.31196E+8 5.97827E+6 1.78907E+8 5.59773E+6 1.50037E+6 261778
8.101265822784810126582278481 2.82615E+13 8.94793E+10 1.80989E+12 2.01418E+10 9.40164E+11 1.21661E+10 9.39815E+11 1.21648E+10 2.17251E+8 5.69821E+6 1.66114E+8 5.22898E+6 2.13332E+6 341034
8.227848101265822784810126582 2.85168E+13 9.02875E+10 1.79415E+12 2.01825E+10 9.39143E+11 1.22709E+10 9.37484E+11 1.22601E+10 2.11084E+8 5.50884E+6 1.65108E+8 5.17957E+6 1.6704E+6 284231
8.354430379746835443037974684 2.87639E+13 9.10701E+10 1.83214E+12 2.0476E+10 9.66094E+11 1.25232E+10 9.65145E+11 1.25162E+10 2.12124E+8 5.46241E+6 1.60664E+8 5.07181E+6 1.4695E+6 286038
8.481012658227848101265822785 2.90145E+13 9.18638E+10 1.81572E+12 2.04533E+10 9.52055E+11 1.24419E+10 9.50521E+11 1.24316E+10 1.77035E+8 4.85342E+6 1.32664E+8 4.4768E+6 1.04163E+6 264517
8.607594936708860759493670886 2.92776E+13 9.2696E+10 1.78466E+12 2.04044E+10 9.28773E+11 1.23454E+10 9.28229E+11 1.23416E+10 1.77675E+8 4.96033E+6 1.33499E+8 4.58206E+6 720982 178441
8.734177215189873417721518987 2.95245E+13 9.34776E+10 1.78911E+12 2.04681E+10 9.42176E+11 1.24703E+10 9.41144E+11 1.24637E+10 1.63229E+8 4.46236E+6 1.22077E+8 4.11062E+6 830202 174450
8.860759493670886075949367089 2.97814E+13 9.4291E+10 1.88279E+12 2.11364E+10 9.76543E+11 1.27681E+10 9.75323E+11 1.27607E+10 1.85779E+8 4.91334E+6 1.33773E+8 4.45376E+6 632576 186944
8.987341772151898734177215190 3.00264E+13 9.50668E+10 1.86502E+12 2.1106E+10 9.79562E+11 1.28549E+10 9.78386E+11 1.28469E+10 1.77082E+8 4.61191E+6 1.2755E+8 4.20345E+6 842494 174057
9.113924050632911392405063291 3.02856E+13 9.58873E+10 1.83269E+12 2.09947E+10 9.65954E+11 1.2799E+10 9.64954E+11 1.27934E+10 1.64741E+8 4.44915E+6 1.2017E+8 4.07034E+6 696677 173753
9.240506329113924050632911392 3.05335E+13 9.66714E+10 1.85012E+12 2.11579E+10 9.65976E+11 1.28536E+10 9.63814E+11 1.28384E+10 1.71612E+8 4.49631E+6 1.27216E+8 4.12054E+6 838751 187153
9.367088607594936708860759494 3.07974E+13 9.7507E+10 1.90776E+12 2.1602E+10 1.00971E+12 1.32417E+10 1.00874E+12 1.32355E+10 1.66271E+8 4.2605E+6 1.1908E+8 3.84462E+6 950002 192042
9.493670886075949367088607595 3.10574E+13 9.83306E+10 1.90135E+12 2.16532E+10 9.94825E+11 1.3138E+10 9.93893E+11 1.31296E+10 1.76415E+8 4.53598E+6 1.25433E+8 4.10615E+6 431440 114878
9.620253164556962025316455696 3.13042E+13 9.91121E+10 1.92437E+12 2.19039E+10 1.00364E+12 1.32935E+10 1.00273E+12 1.32884E+10 1.54357E+8 4.06542E+6 1.07638E+8 3.62941E+6 368617 102760
9.746835443037974683544303797 3.15595E+13 9.99195E+10 1.95296E+12 2.21074E+10 1.02844E+12 1.35122E+10 1.02722E+12 1.35044E+10 1.90696E+8 4.57246E+6 1.32199E+8 4.04987E+6 450691 121183
9.873417721518987341772151899 3.18078E+13 1.00706E+11 1.91178E+12 2.19647E+10 9.95111E+11 1.32795E+10 9.94535E+11 1.32754E+10 1.62228E+8 4.15712E+6 1.12626E+8 3.72256E+6 682583 140016
10 3.20686E+13 1.01532E+11 1.922E+12 2.2123E+10 9.99744E+11 1.34287E+10 9.98779E+11 1.3424E+10 1.71414E+8 4.29064E+6 1.19018E+8 3.8114E+6 356511 97742.7
