# Instrument-source: 'phonon_Dorothy_modified-2.instr'
# Date: Mon Mar 20 09 37 2023
# Ncount: 100000
# Numpoints: 80
# Param: E = 5
# type: multiarray_1d(80)
# title: Scan of E
# xlabel: 'E'
# ylabel: 'Intensity'
# xvars: E
# yvars: (l_monitor_before_mono_I,l_monitor_before_mono_ERR) (l_monitor_after_mono_I,l_monitor_after_mono_ERR) (l_monitor_before_sam_I,l_monitor_before_sam_ERR) (e_monitor_before_sam_I,e_monitor_before_sam_ERR) (psd_monitoraftersample_I,psd_monitoraftersample_ERR) (e_monitor_beforeana_I,e_monitor_beforeana_ERR) (psd_monitor_I,psd_monitor_ERR)
# xlimits: 15 5
# filename: mccode.dat
# variables: E l_monitor_before_mono_I l_monitor_before_mono_ERR l_monitor_after_mono_I l_monitor_after_mono_ERR l_monitor_before_sam_I l_monitor_before_sam_ERR e_monitor_before_sam_I e_monitor_before_sam_ERR psd_monitoraftersample_I psd_monitoraftersample_ERR e_monitor_beforeana_I e_monitor_beforeana_ERR psd_monitor_I psd_monitor_ERR
5 2.21038E+13 6.99831E+10 1.48323E+12 1.61405E+10 7.71333E+11 9.77616E+9 7.70819E+11 9.77336E+9 7.53485E+6 163807 0 0 41.7634 32.4845
5.126582278481012658227848101 2.23508E+13 7.07652E+10 1.48998E+12 1.62778E+10 7.74741E+11 9.86109E+9 7.73975E+11 9.85555E+9 6.33874E+6 149793 0 0 24.8248 24.8248
5.253164556962025316455696202 2.25951E+13 7.15387E+10 1.49557E+12 1.64215E+10 7.78472E+11 9.95199E+9 7.77417E+11 9.94581E+9 6.57397E+6 155074 0 0 4.49958 4.49958
5.379746835443037974683544304 2.28444E+13 7.23281E+10 1.51974E+12 1.6604E+10 7.92363E+11 1.00532E+10 7.91914E+11 1.00511E+10 6.85269E+6 156288 0 0 0 0
5.506329113924050632911392405 2.30981E+13 7.31312E+10 1.54429E+12 1.68497E+10 8.08501E+11 1.02409E+10 8.07118E+11 1.02313E+10 6.91594E+6 162224 0 0 0 0
5.632911392405063291139240506 2.33506E+13 7.39305E+10 1.53241E+12 1.6867E+10 8.07775E+11 1.02856E+10 8.07133E+11 1.02816E+10 7.50743E+6 170410 0 0 0 0
5.759493670886075949367088608 2.3591E+13 7.46918E+10 1.57056E+12 1.71739E+10 8.19512E+11 1.04118E+10 8.18462E+11 1.0404E+10 1.1475E+7 2.03514E+6 3.82245E+6 2.09852E+6 545032 561165
5.886075949367088607594936709 2.38488E+13 7.5508E+10 1.59781E+12 1.74054E+10 8.37759E+11 1.05768E+10 8.36089E+11 1.05672E+10 3.11165E+7 5.41039E+6 1.9867E+7 5.19883E+6 3534.61 3534.61
6.012658227848101265822784810 2.40955E+13 7.62894E+10 1.58264E+12 1.73973E+10 8.1732E+11 1.04618E+10 8.16472E+11 1.04563E+10 1.96994E+7 3.24024E+6 1.14898E+7 3.07781E+6 0 0
6.139240506329113924050632911 2.43418E+13 7.70692E+10 1.60262E+12 1.76196E+10 8.47054E+11 1.07787E+10 8.46201E+11 1.07745E+10 1.38767E+7 1.48165E+6 5.33783E+6 1.26118E+6 0 0
6.265822784810126582278481013 2.45983E+13 7.78812E+10 1.58238E+12 1.75872E+10 8.27001E+11 1.0705E+10 8.25526E+11 1.06957E+10 9.37543E+6 517988 1.62976E+6 452855 0 0
6.392405063291139240506329114 2.48369E+13 7.86364E+10 1.62117E+12 1.79247E+10 8.53156E+11 1.09346E+10 8.52578E+11 1.09302E+10 8.65499E+6 258468 237398 159034 0 0
6.518987341772151898734177215 2.50965E+13 7.94589E+10 1.64735E+12 1.81156E+10 8.63171E+11 1.10119E+10 8.61739E+11 1.10025E+10 7.85487E+6 185009 0 0 0 0
6.645569620253164556962025316 2.5347E+13 8.0252E+10 1.62606E+12 1.8086E+10 8.49213E+11 1.09853E+10 8.48105E+11 1.09789E+10 8.48599E+6 193840 0 0 0 0
6.772151898734177215189873418 2.56023E+13 8.106E+10 1.64307E+12 1.82786E+10 8.67149E+11 1.1165E+10 8.66116E+11 1.11589E+10 8.3227E+6 193298 0 0 0 0
6.898734177215189873417721519 2.58559E+13 8.1863E+10 1.65057E+12 1.84065E+10 8.69708E+11 1.12312E+10 8.69011E+11 1.1226E+10 8.22456E+6 192844 0 0 0 0
7.025316455696202531645569620 2.61105E+13 8.26694E+10 1.70087E+12 1.87765E+10 8.97644E+11 1.14652E+10 8.96269E+11 1.14568E+10 9.92145E+6 215222 12926.4 7868.83 0 0
7.151898734177215189873417722 2.63578E+13 8.34527E+10 1.6946E+12 1.88422E+10 8.86098E+11 1.14438E+10 8.85768E+11 1.14421E+10 1.01822E+7 277663 657482 161116 0 0
7.278481012658227848101265823 2.66148E+13 8.42659E+10 1.72184E+12 1.9103E+10 9.10782E+11 1.16988E+10 9.10118E+11 1.16949E+10 1.40955E+7 632228 3.77455E+6 560713 35843.3 25639.2
7.405063291139240506329113924 2.68637E+13 8.50539E+10 1.6859E+12 1.89514E+10 8.73664E+11 1.14358E+10 8.72427E+11 1.1428E+10 2.53398E+7 1.47946E+6 1.46397E+7 1.39748E+6 754517 323084
7.531645569620253164556962025 2.71217E+13 8.58715E+10 1.72583E+12 1.92992E+10 9.09855E+11 1.17752E+10 9.08596E+11 1.1768E+10 5.36879E+7 2.9735E+6 3.90787E+7 2.82239E+6 2.71801E+6 659359
7.658227848101265822784810127 2.73615E+13 8.66301E+10 1.70776E+12 1.92887E+10 8.98242E+11 1.17711E+10 8.97247E+11 1.17643E+10 7.90437E+7 4.3953E+6 6.1145E+7 4.15568E+6 4.11037E+6 981412
7.784810126582278481012658228 2.76217E+13 8.74534E+10 1.74639E+12 1.95895E+10 9.15457E+11 1.19105E+10 9.14047E+11 1.18993E+10 1.16009E+8 5.8162E+6 9.24049E+7 5.55846E+6 8.23676E+6 1.5738E+6
7.911392405063291139240506329 2.78768E+13 8.82613E+10 1.7941E+12 1.99562E+10 9.44586E+11 1.22075E+10 9.42662E+11 1.21938E+10 1.23999E+8 5.65871E+6 9.98625E+7 5.36948E+6 9.50317E+6 1.4048E+6
8.037974683544303797468354430 2.81323E+13 8.90699E+10 1.79902E+12 2.00618E+10 9.45869E+11 1.22679E+10 9.4472E+11 1.22596E+10 1.74454E+8 7.30182E+6 1.4189E+8 6.97006E+6 1.5189E+7 2.38938E+6
8.164556962025316455696202532 2.83866E+13 8.98748E+10 1.79965E+12 2.01486E+10 9.41155E+11 1.2215E+10 9.404E+11 1.22109E+10 1.68308E+8 6.49411E+6 1.37218E+8 6.11971E+6 1.1474E+7 1.57212E+6
8.291139240506329113924050633 2.86367E+13 9.06675E+10 1.79561E+12 2.02211E+10 9.40969E+11 1.2302E+10 9.39416E+11 1.22905E+10 1.46528E+8 6.20758E+6 1.1633E+8 5.7772E+6 1.34394E+7 2.27915E+6
8.417721518987341772151898734 2.88943E+13 9.14823E+10 1.81608E+12 2.04655E+10 9.57153E+11 1.24949E+10 9.5668E+11 1.24924E+10 1.47501E+8 6.18797E+6 1.1873E+8 5.86453E+6 1.06729E+7 1.41129E+6
8.544303797468354430379746835 2.91446E+13 9.22757E+10 1.8286E+12 2.05948E+10 9.46413E+11 1.24244E+10 9.44837E+11 1.24151E+10 1.3391E+8 5.60011E+6 1.04198E+8 5.33392E+6 5.31102E+6 921640
8.670886075949367088607594937 2.93948E+13 9.3068E+10 1.84098E+12 2.07569E+10 9.74937E+11 1.27071E+10 9.7346E+11 1.26976E+10 1.14191E+8 4.6686E+6 8.4972E+7 4.43205E+6 4.80809E+6 820212
8.797468354430379746835443038 2.96536E+13 9.38864E+10 1.84436E+12 2.08788E+10 9.60906E+11 1.26392E+10 9.58996E+11 1.26268E+10 9.41384E+7 4.08645E+6 6.94114E+7 3.89328E+6 5.9506E+6 900457
8.924050632911392405063291139 2.99089E+13 9.46946E+10 1.86004E+12 2.1037E+10 9.69933E+11 1.2772E+10 9.68923E+11 1.27664E+10 7.44116E+7 3.19717E+6 5.03163E+7 3.05276E+6 1.57957E+6 346566
9.050632911392405063291139241 3.01544E+13 9.54721E+10 1.88266E+12 2.12714E+10 9.84671E+11 1.29417E+10 9.82965E+11 1.29303E+10 5.33856E+7 2.40252E+6 3.0306E+7 2.2431E+6 2.23754E+6 489292
9.177215189873417721518987342 3.04114E+13 9.62853E+10 1.88842E+12 2.13417E+10 9.85787E+11 1.29892E+10 9.84297E+11 1.29795E+10 3.37128E+7 1.3849E+6 1.26699E+7 1.21972E+6 890870 227480
9.303797468354430379746835443 3.06708E+13 9.71074E+10 1.89614E+12 2.15483E+10 9.98116E+11 1.31079E+10 9.976E+11 1.31048E+10 2.91048E+7 1.13544E+6 8.73741E+6 1.00118E+6 996473 294869
9.430379746835443037974683544 3.09189E+13 9.78918E+10 1.91475E+12 2.17044E+10 1.00672E+12 1.32437E+10 1.00584E+12 1.32386E+10 2.10302E+7 630061 2.25221E+6 395387 580915 147314
9.556962025316455696202531646 3.11731E+13 9.86966E+10 1.8971E+12 2.16613E+10 1.00412E+12 1.32686E+10 1.00211E+12 1.32548E+10 2.04572E+7 468394 235629 83214.6 407827 48287.1
9.683544303797468354430379747 3.1434E+13 9.95227E+10 1.94132E+12 2.19982E+10 1.02421E+12 1.33984E+10 1.02325E+12 1.33929E+10 2.07151E+7 482005 117486 41883.2 283509 37894.1
9.810126582278481012658227848 3.16821E+13 1.00308E+11 1.94847E+12 2.21615E+10 1.04135E+12 1.36693E+10 1.04075E+12 1.36656E+10 2.02156E+7 495699 925566 195803 341003 43196.7
9.936708860759493670886075949 3.1942E+13 1.0113E+11 1.93101E+12 2.21352E+10 1.02415E+12 1.35532E+10 1.02247E+12 1.3543E+10 2.28078E+7 665123 3.87073E+6 458285 589719 124033
10.06329113924050632911392405 3.21994E+13 1.01946E+11 1.93775E+12 2.22576E+10 1.01733E+12 1.35363E+10 1.01616E+12 1.35293E+10 3.05081E+7 1.02457E+6 1.19054E+7 878587 786121 191629
10.18987341772151898734177215 3.24396E+13 1.02706E+11 1.95675E+12 2.25067E+10 1.02848E+12 1.36563E+10 1.02733E+12 1.36472E+10 3.57024E+7 1.39635E+6 1.98958E+7 1.28564E+6 1.45876E+6 275640
10.31645569620253164556962025 3.27038E+13 1.03542E+11 1.97186E+12 2.26845E+10 1.03001E+12 1.37514E+10 1.02881E+12 1.37421E+10 4.89469E+7 1.89306E+6 3.20871E+7 1.77134E+6 1.91678E+6 345615
10.44303797468354430379746835 3.29554E+13 1.04338E+11 1.97573E+12 2.27547E+10 1.02673E+12 1.37465E+10 1.02557E+12 1.37402E+10 6.5351E+7 2.35265E+6 4.9086E+7 2.25507E+6 2.30501E+6 389691
10.56962025316455696202531646 3.32053E+13 1.05129E+11 1.95767E+12 2.27296E+10 1.01374E+12 1.37293E+10 1.01144E+12 1.37112E+10 8.71344E+7 2.782E+6 6.54855E+7 2.60593E+6 2.83031E+6 461987
10.69620253164556962025316456 3.34511E+13 1.05907E+11 1.98623E+12 2.29601E+10 1.04283E+12 1.39699E+10 1.04059E+12 1.39525E+10 8.00199E+7 2.55169E+6 6.0332E+7 2.39647E+6 3.40797E+6 478002
10.82278481012658227848101266 3.37089E+13 1.06724E+11 2.00903E+12 2.31957E+10 1.04076E+12 1.39878E+10 1.03942E+12 1.3979E+10 9.00531E+7 2.84914E+6 6.85481E+7 2.65374E+6 3.39607E+6 454933
10.94936708860759493670886076 3.3968E+13 1.07543E+11 2.04209E+12 2.34982E+10 1.07179E+12 1.43093E+10 1.07093E+12 1.43046E+10 9.40165E+7 2.92288E+6 6.75493E+7 2.7051E+6 3.16837E+6 462211
11.07594936708860759493670886 3.42172E+13 1.08332E+11 2.0175E+12 2.3397E+10 1.05755E+12 1.42347E+10 1.05595E+12 1.42265E+10 9.56571E+7 2.95819E+6 7.14413E+7 2.80953E+6 2.35218E+6 397445
11.20253164556962025316455696 3.44608E+13 1.09104E+11 2.04733E+12 2.3686E+10 1.07447E+12 1.44358E+10 1.07328E+12 1.44281E+10 1.03327E+8 3.14041E+6 7.49875E+7 2.95569E+6 3.86591E+6 740256
11.32911392405063291139240506 3.47184E+13 1.09919E+11 2.02944E+12 2.36054E+10 1.07659E+12 1.44895E+10 1.07413E+12 1.44715E+10 9.76013E+7 3.07911E+6 6.92078E+7 2.88383E+6 3.51982E+6 551306
11.45569620253164556962025316 3.49735E+13 1.10726E+11 2.06673E+12 2.40076E+10 1.07839E+12 1.45361E+10 1.07787E+12 1.45327E+10 8.56789E+7 2.77736E+6 6.08913E+7 2.56996E+6 2.87614E+6 425525
11.58227848101265822784810127 3.52236E+13 1.11518E+11 2.08231E+12 2.41514E+10 1.09589E+12 1.47326E+10 1.09422E+12 1.47224E+10 1.08086E+8 2.96702E+6 7.9362E+7 2.80453E+6 3.37297E+6 441603
11.70886075949367088607594937 3.54739E+13 1.1231E+11 2.08052E+12 2.42425E+10 1.09656E+12 1.48013E+10 1.09482E+12 1.47897E+10 9.60895E+7 2.65063E+6 7.03697E+7 2.46273E+6 3.39577E+6 442114
11.83544303797468354430379747 3.57315E+13 1.13126E+11 2.12297E+12 2.45627E+10 1.1116E+12 1.48798E+10 1.11069E+12 1.48731E+10 8.23749E+7 2.33401E+6 5.99205E+7 2.17812E+6 2.46842E+6 333561
11.96202531645569620253164557 3.59847E+13 1.13927E+11 2.10494E+12 2.45656E+10 1.10476E+12 1.4932E+10 1.1028E+12 1.49199E+10 8.14874E+7 2.31805E+6 5.87212E+7 2.1614E+6 1.83072E+6 268353
12.08860759493670886075949367 3.62287E+13 1.14698E+11 2.13149E+12 2.47976E+10 1.12974E+12 1.51861E+10 1.12793E+12 1.5174E+10 7.92891E+7 2.23596E+6 5.59839E+7 2.06062E+6 1.71731E+6 279407
12.21518987341772151898734177 3.64818E+13 1.155E+11 2.1139E+12 2.47488E+10 1.11366E+12 1.50741E+10 1.11146E+12 1.50594E+10 6.67101E+7 2.01245E+6 4.67006E+7 1.87276E+6 1.6483E+6 257230
12.34177215189873417721518987 3.6718E+13 1.16247E+11 2.16388E+12 2.51028E+10 1.13101E+12 1.52382E+10 1.12856E+12 1.52188E+10 6.67219E+7 1.9937E+6 4.76693E+7 1.88346E+6 855623 173962
12.46835443037974683544303798 3.69809E+13 1.17079E+11 2.15926E+12 2.52013E+10 1.13679E+12 1.54051E+10 1.13612E+12 1.53992E+10 6.50477E+7 1.96289E+6 4.46873E+7 1.82917E+6 639924 150286
12.59493670886075949367088608 3.72242E+13 1.17849E+11 2.14857E+12 2.52252E+10 1.12342E+12 1.52721E+10 1.12244E+12 1.52652E+10 5.18801E+7 1.69671E+6 3.34116E+7 1.57381E+6 569060 135328
12.72151898734177215189873418 3.74759E+13 1.18647E+11 2.19282E+12 2.55492E+10 1.14473E+12 1.54971E+10 1.14311E+12 1.54876E+10 4.36137E+7 1.45329E+6 2.52848E+7 1.32658E+6 710867 148904
12.84810126582278481012658228 3.772E+13 1.19418E+11 2.19939E+12 2.57048E+10 1.15988E+12 1.56557E+10 1.15819E+12 1.56445E+10 3.39205E+7 1.12192E+6 1.57052E+7 971624 616377 144862
12.97468354430379746835443038 3.79702E+13 1.20211E+11 2.16588E+12 2.55329E+10 1.13712E+12 1.55367E+10 1.13587E+12 1.55289E+10 2.71545E+7 849355 1.00609E+7 688786 366200 96466.3
13.10126582278481012658227848 3.82165E+13 1.20989E+11 2.22657E+12 2.59842E+10 1.17259E+12 1.5834E+10 1.17175E+12 1.58288E+10 2.47335E+7 712349 7.6472E+6 545970 498974 117956
13.22784810126582278481012658 3.84513E+13 1.21733E+11 2.19979E+12 2.59556E+10 1.15783E+12 1.58569E+10 1.15722E+12 1.58533E+10 2.66708E+7 762557 9.2605E+6 602282 615372 136763
13.35443037974683544303797468 3.87115E+13 1.22557E+11 2.19143E+12 2.59876E+10 1.1326E+12 1.56298E+10 1.13152E+12 1.56226E+10 3.17176E+7 981042 1.42969E+7 828795 773451 147228
13.48101265822784810126582278 3.89553E+13 1.23328E+11 2.20477E+12 2.6144E+10 1.15001E+12 1.58147E+10 1.14801E+12 1.58019E+10 3.83896E+7 1.22468E+6 1.92178E+7 1.05232E+6 664163 140993
13.60759493670886075949367089 3.92084E+13 1.24129E+11 2.22506E+12 2.63434E+10 1.16645E+12 1.60084E+10 1.16476E+12 1.5996E+10 5.92836E+7 1.64718E+6 3.52424E+7 1.46933E+6 393585 99682.8
13.73417721518987341772151899 3.94539E+13 1.24906E+11 2.26394E+12 2.66897E+10 1.20076E+12 1.63477E+10 1.19982E+12 1.63419E+10 5.21335E+7 1.54766E+6 3.14345E+7 1.3654E+6 548658 138155
13.86075949367088607594936709 3.96972E+13 1.25675E+11 2.25058E+12 2.6668E+10 1.19993E+12 1.64151E+10 1.19784E+12 1.63997E+10 6.22915E+7 1.72785E+6 3.95755E+7 1.53848E+6 619089 124935
13.98734177215189873417721519 3.99412E+13 1.26447E+11 2.26529E+12 2.68516E+10 1.18986E+12 1.63421E+10 1.18886E+12 1.63358E+10 6.81566E+7 1.79267E+6 4.36886E+7 1.59766E+6 932870 167406
14.11392405063291139240506329 4.01867E+13 1.27225E+11 2.24353E+12 2.6743E+10 1.17979E+12 1.63466E+10 1.17831E+12 1.63365E+10 6.90238E+7 1.81053E+6 4.49826E+7 1.63481E+6 1.21698E+6 196871
14.24050632911392405063291139 4.04289E+13 1.2799E+11 2.31699E+12 2.72778E+10 1.231E+12 1.67636E+10 1.23075E+12 1.6762E+10 6.72469E+7 1.78224E+6 4.42121E+7 1.61953E+6 1.08665E+6 172020
14.36708860759493670886075949 4.06763E+13 1.28773E+11 2.30762E+12 2.73187E+10 1.20704E+12 1.66326E+10 1.20596E+12 1.66245E+10 7.00884E+7 1.76666E+6 4.44601E+7 1.57731E+6 987725 158058
14.49367088607594936708860760 4.0922E+13 1.29551E+11 2.31208E+12 2.73812E+10 1.21787E+12 1.66982E+10 1.21605E+12 1.66872E+10 6.32225E+7 1.6555E+6 3.90692E+7 1.4613E+6 803888 142340
14.62025316455696202531645570 4.1166E+13 1.30324E+11 2.32413E+12 2.75452E+10 1.20889E+12 1.66638E+10 1.20695E+12 1.66482E+10 5.77104E+7 1.54929E+6 3.4989E+7 1.35071E+6 627049 119797
14.74683544303797468354430380 4.14035E+13 1.31075E+11 2.30817E+12 2.75942E+10 1.21686E+12 1.6865E+10 1.21559E+12 1.68552E+10 6.24147E+7 1.61152E+6 3.78381E+7 1.40771E+6 654719 137961
14.87341772151898734177215190 4.1639E+13 1.31818E+11 2.31478E+12 2.77022E+10 1.2298E+12 1.70399E+10 1.22802E+12 1.70274E+10 6.56147E+7 1.6297E+6 3.98631E+7 1.42141E+6 524734 100498
15 4.18868E+13 1.32604E+11 2.36685E+12 2.8112E+10 1.2573E+12 1.72412E+10 1.25519E+12 1.72239E+10 6.54588E+7 1.63139E+6 3.83366E+7 1.39165E+6 359819 82532.5
