# Instrument-source: 'phonon_Dorothy_modified-2.instr'
# Date: Mon Mar 13 11 55 2023
# Ncount: 100000
# Numpoints: 80
# Param: E = 0
# type: multiarray_1d(80)
# title: Scan of E
# xlabel: 'E'
# ylabel: 'Intensity'
# xvars: E
# yvars: (l_monitor_before_mono_I,l_monitor_before_mono_ERR) (l_monitor_after_mono_I,l_monitor_after_mono_ERR) (l_monitor_before_sam_I,l_monitor_before_sam_ERR) (e_monitor_before_sam_I,e_monitor_before_sam_ERR) (psd_monitoraftersample_I,psd_monitoraftersample_ERR) (e_monitor_beforeana_I,e_monitor_beforeana_ERR) (psd_monitor_I,psd_monitor_ERR)
# xlimits: 0 10
# filename: mccode.dat
# variables: E l_monitor_before_mono_I l_monitor_before_mono_ERR l_monitor_after_mono_I l_monitor_after_mono_ERR l_monitor_before_sam_I l_monitor_before_sam_ERR e_monitor_before_sam_I e_monitor_before_sam_ERR psd_monitoraftersample_I psd_monitoraftersample_ERR e_monitor_beforeana_I e_monitor_beforeana_ERR psd_monitor_I psd_monitor_ERR
0 1.29002E+13 4.08395E+10 9.86215E+11 1.00562E+10 5.08725E+11 6.05725E+9 5.08131E+11 6.05437E+9 7.68432E+6 159046 0 0 23406.6 3330.59
0.1265822784810126582278481013 1.31133E+13 4.15144E+10 1.02468E+12 1.03366E+10 5.30262E+11 6.23826E+9 5.29737E+11 6.23472E+9 8.21425E+6 166806 0 0 17481.7 2658.66
0.2531645569620253164556962025 1.33318E+13 4.22062E+10 1.02765E+12 1.04338E+10 5.30092E+11 6.30574E+9 5.28966E+11 6.29782E+9 8.30769E+6 170693 0 0 9193.95 1732.24
0.3797468354430379746835443038 1.35482E+13 4.28917E+10 1.02116E+12 1.04727E+10 5.35986E+11 6.38184E+9 5.35392E+11 6.37867E+9 8.49637E+6 172845 0 0 7282.76 1530.1
0.5063291139240506329113924051 1.37634E+13 4.35728E+10 1.03953E+12 1.06514E+10 5.40858E+11 6.45524E+9 5.40211E+11 6.45161E+9 7.85749E+6 169987 0 0 3236.7 923.034
0.6329113924050632911392405063 1.39865E+13 4.42796E+10 1.05392E+12 1.08126E+10 5.44828E+11 6.52387E+9 5.44287E+11 6.52028E+9 8.2248E+6 173414 0 0 1354.2 540.26
0.7594936708860759493670886076 1.42092E+13 4.49848E+10 1.06754E+12 1.09751E+10 5.53419E+11 6.64096E+9 5.52792E+11 6.63781E+9 7.94024E+6 170331 0 0 1166.23 486.812
0.8860759493670886075949367089 1.44253E+13 4.5669E+10 1.08321E+12 1.11366E+10 5.56274E+11 6.67909E+9 5.55527E+11 6.67448E+9 8.90669E+6 182628 0 0 1783.75 543.23
1.012658227848101265822784810 1.46523E+13 4.63875E+10 1.07722E+12 1.11911E+10 5.64254E+11 6.82649E+9 5.63804E+11 6.82421E+9 8.56355E+6 179777 0 0 199.257 136.397
1.139240506329113924050632911 1.48773E+13 4.70997E+10 1.09746E+12 1.13765E+10 5.7096E+11 6.89654E+9 5.70257E+11 6.89251E+9 7.98058E+6 172603 0 0 321.741 225.951
1.265822784810126582278481013 1.50984E+13 4.78001E+10 1.1055E+12 1.15028E+10 5.74618E+11 6.96678E+9 5.73723E+11 6.96045E+9 9.54395E+6 192558 0 0 312.191 203.545
1.392405063291139240506329114 1.53236E+13 4.85138E+10 1.13331E+12 1.17551E+10 5.89019E+11 7.10918E+9 5.88478E+11 7.10653E+9 8.68206E+6 179285 0 0 149.46 141.803
1.518987341772151898734177215 1.55541E+13 4.92434E+10 1.14585E+12 1.18915E+10 5.98187E+11 7.23541E+9 5.97608E+11 7.23223E+9 9.03412E+6 187154 0 0 0 0
1.645569620253164556962025316 1.5779E+13 4.99556E+10 1.15718E+12 1.20516E+10 5.97639E+11 7.24293E+9 5.96492E+11 7.23507E+9 4.79576E+7 1.16198E+7 3.20301E+7 1.12211E+7 2.05725E+6 1.8246E+6
1.772151898734177215189873418 1.60118E+13 5.06929E+10 1.16527E+12 1.21702E+10 6.01612E+11 7.32648E+9 6.0088E+11 7.32251E+9 6.34567E+7 1.434E+7 4.15425E+7 1.12998E+7 55.3008 55.3008
1.898734177215189873417721519 1.62397E+13 5.14143E+10 1.16551E+12 1.22554E+10 6.03767E+11 7.40809E+9 6.03245E+11 7.40543E+9 4.85455E+7 6.78156E+6 3.68006E+7 6.58153E+6 0 0
2.025316455696202531645569620 1.64692E+13 5.21413E+10 1.20034E+12 1.25191E+10 6.15321E+11 7.51785E+9 6.14663E+11 7.51389E+9 1.84368E+7 1.84981E+6 7.11837E+6 1.65362E+6 0 0
2.151898734177215189873417722 1.67032E+13 5.28825E+10 1.18711E+12 1.25264E+10 6.19681E+11 7.6051E+9 6.18877E+11 7.6003E+9 1.15383E+7 495214 823641 355142 0 0
2.278481012658227848101265823 1.69341E+13 5.36129E+10 1.20853E+12 1.2731E+10 6.36046E+11 7.76885E+9 6.35101E+11 7.76249E+9 1.05148E+7 222632 54113.9 54113.9 0 0
2.405063291139240506329113924 1.71699E+13 5.43594E+10 1.23863E+12 1.29668E+10 6.50264E+11 7.88637E+9 6.49399E+11 7.8818E+9 1.04383E+7 219503 0 0 0 0
2.531645569620253164556962025 1.74055E+13 5.51059E+10 1.21746E+12 1.29767E+10 6.39175E+11 7.90005E+9 6.38636E+11 7.89643E+9 1.1024E+7 228132 0 0 0 0
2.658227848101265822784810127 1.76409E+13 5.58511E+10 1.24896E+12 1.3213E+10 6.52915E+11 8.01938E+9 6.52246E+11 8.01591E+9 1.10571E+7 228046 0 0 0 0
2.784810126582278481012658228 1.78742E+13 5.659E+10 1.25273E+12 1.3345E+10 6.56094E+11 8.11739E+9 6.5507E+11 8.11038E+9 1.16926E+7 278172 340237 129438 0 0
2.911392405063291139240506329 1.81101E+13 5.73368E+10 1.28248E+12 1.35821E+10 6.71492E+11 8.26032E+9 6.6973E+11 8.24826E+9 2.01245E+7 1.11463E+6 6.57205E+6 956748 0 0
3.037974683544303797468354430 1.8345E+13 5.80809E+10 1.29976E+12 1.37829E+10 6.76121E+11 8.35412E+9 6.75245E+11 8.34763E+9 5.55643E+7 3.45463E+6 3.49892E+7 3.11392E+6 1.01804E+6 464930
3.164556962025316455696202532 1.85835E+13 5.88359E+10 1.30438E+12 1.38738E+10 6.83334E+11 8.45403E+9 6.82512E+11 8.44941E+9 1.24397E+8 6.87424E+6 9.85489E+7 6.24242E+6 6.73506E+6 1.4593E+6
3.291139240506329113924050633 1.8824E+13 5.95979E+10 1.34086E+12 1.41572E+10 6.96071E+11 8.5868E+9 6.95108E+11 8.58044E+9 2.43488E+8 1.10616E+7 2.05213E+8 1.04938E+7 3.16625E+7 3.7955E+6
3.417721518987341772151898734 1.90617E+13 6.03499E+10 1.33052E+12 1.41984E+10 7.01413E+11 8.68795E+9 6.99904E+11 8.67814E+9 2.86167E+8 1.39108E+7 2.46009E+8 1.33931E+7 3.05312E+7 3.83659E+6
3.544303797468354430379746835 1.9302E+13 6.11111E+10 1.33593E+12 1.4317E+10 6.89867E+11 8.62663E+9 6.89299E+11 8.6234E+9 2.85688E+8 1.3075E+7 2.36062E+8 1.1598E+7 1.85331E+7 2.45967E+6
3.670886075949367088607594937 1.9543E+13 6.18741E+10 1.33991E+12 1.44074E+10 6.93852E+11 8.68119E+9 6.92705E+11 8.67436E+9 2.48416E+8 1.90326E+7 2.06242E+8 1.83251E+7 1.30484E+7 1.92463E+6
3.797468354430379746835443038 1.97878E+13 6.26492E+10 1.34422E+12 1.45118E+10 7.04572E+11 8.82853E+9 7.03186E+11 8.81987E+9 1.98802E+8 1.65333E+7 1.58234E+8 1.46754E+7 1.32426E+7 4.81697E+6
3.924050632911392405063291139 2.00256E+13 6.34025E+10 1.38825E+12 1.48771E+10 7.24145E+11 9.02513E+9 7.23135E+11 9.01892E+9 2.28138E+8 2.67739E+7 1.70092E+8 2.15672E+7 7.66289E+6 3.8613E+6
4.050632911392405063291139241 2.02612E+13 6.41484E+10 1.39826E+12 1.50042E+10 7.32847E+11 9.1487E+9 7.32303E+11 9.14594E+9 1.76326E+8 2.29945E+7 1.22949E+8 1.97789E+7 1.03451E+7 4.40525E+6
4.177215189873417721518987342 2.05188E+13 6.49641E+10 1.3729E+12 1.49812E+10 7.1732E+11 9.11405E+9 7.16576E+11 9.10891E+9 1.175E+8 1.57825E+7 8.32451E+7 1.31602E+7 3.98789E+6 1.22613E+6
4.303797468354430379746835443 2.07579E+13 6.57211E+10 1.43741E+12 1.5395E+10 7.54494E+11 9.40964E+9 7.53566E+11 9.40327E+9 5.80971E+7 7.48167E+6 3.70926E+7 7.21015E+6 666758 344563
4.430379746835443037974683544 2.10038E+13 6.65E+10 1.45438E+12 1.55983E+10 7.63153E+11 9.49946E+9 7.6235E+11 9.49509E+9 2.11806E+7 853349 4.66368E+6 679687 21714.7 19671.8
4.556962025316455696202531646 2.12467E+13 6.72687E+10 1.43464E+12 1.55347E+10 7.51368E+11 9.4613E+9 7.50257E+11 9.45514E+9 1.78792E+7 379674 482451 161190 0 0
4.683544303797468354430379747 2.14909E+13 6.8042E+10 1.43371E+12 1.56428E+10 7.42732E+11 9.45978E+9 7.41608E+11 9.45212E+9 2.50916E+7 2.11811E+6 9.73052E+6 2.08025E+6 0 0
4.810126582278481012658227848 2.17331E+13 6.88091E+10 1.44184E+12 1.57858E+10 7.48618E+11 9.5407E+9 7.47453E+11 9.53301E+9 1.01104E+8 1.21131E+7 7.68573E+7 1.20288E+7 375202 170006
4.936708860759493670886075949 2.19824E+13 6.95985E+10 1.50037E+12 1.61728E+10 7.91067E+11 9.88073E+9 7.89565E+11 9.87138E+9 2.43761E+8 1.82132E+7 2.07233E+8 1.78984E+7 4.32278E+6 804100
5.063291139240506329113924051 2.22336E+13 7.03937E+10 1.48556E+12 1.62007E+10 7.81665E+11 9.87315E+9 7.80808E+11 9.86841E+9 4.09522E+8 2.69099E+7 3.40662E+8 2.50661E+7 7.82095E+6 1.02358E+6
5.189873417721518987341772152 2.24803E+13 7.11749E+10 1.50934E+12 1.64115E+10 7.94436E+11 1.00151E+10 7.93431E+11 1.00088E+10 5.06056E+8 3.61599E+7 4.3496E+8 3.50808E+7 1.1048E+7 1.19E+6
5.316455696202531645569620253 2.27198E+13 7.19334E+10 1.49319E+12 1.63951E+10 7.78186E+11 9.92009E+9 7.77455E+11 9.91548E+9 5.03893E+8 3.15263E+7 4.37466E+8 3.02038E+7 1.33843E+7 2.46795E+6
5.443037974683544303797468354 2.29722E+13 7.27326E+10 1.50379E+12 1.65621E+10 7.92428E+11 1.01114E+10 7.9112E+11 1.01023E+10 4.93557E+8 3.17084E+7 4.13133E+8 2.98273E+7 7.1738E+6 972482
5.569620253164556962025316456 2.32211E+13 7.35207E+10 1.55369E+12 1.69476E+10 8.13716E+11 1.03143E+10 8.13154E+11 1.03117E+10 4.50715E+8 2.7199E+7 3.71081E+8 2.42968E+7 1.12494E+7 1.66213E+6
5.696202531645569620253164557 2.34686E+13 7.43043E+10 1.55858E+12 1.70578E+10 8.21454E+11 1.04515E+10 8.19282E+11 1.04375E+10 4.55248E+8 2.816E+7 3.9754E+8 2.77887E+7 8.46497E+6 1.66285E+6
5.822784810126582278481012658 2.37264E+13 7.51209E+10 1.57879E+12 1.72405E+10 8.16243E+11 1.03857E+10 8.14938E+11 1.03777E+10 4.76196E+8 2.9026E+7 4.09555E+8 2.77723E+7 1.29566E+7 3.86326E+6
5.949367088607594936708860759 2.39688E+13 7.58878E+10 1.55444E+12 1.7188E+10 8.18721E+11 1.04867E+10 8.17697E+11 1.04803E+10 4.02136E+8 1.96212E+7 3.41631E+8 1.8832E+7 1.15267E+7 3.68012E+6
6.075949367088607594936708861 2.42235E+13 7.66947E+10 1.59784E+12 1.75311E+10 8.41957E+11 1.07172E+10 8.41291E+11 1.07139E+10 3.44159E+8 1.67494E+7 2.89892E+8 1.61629E+7 6.57115E+6 894332
6.202531645569620253164556962 2.44629E+13 7.74525E+10 1.58854E+12 1.75884E+10 8.3052E+11 1.06781E+10 8.29124E+11 1.06705E+10 3.54867E+8 1.35234E+7 2.97002E+8 1.31586E+7 6.51969E+6 828689
6.329113924050632911392405063 2.47217E+13 7.82716E+10 1.6028E+12 1.77209E+10 8.52569E+11 1.08899E+10 8.51204E+11 1.08824E+10 2.80864E+8 9.45205E+6 2.31988E+8 9.14252E+6 4.68305E+6 651111
6.455696202531645569620253165 2.49644E+13 7.90403E+10 1.61816E+12 1.79088E+10 8.46753E+11 1.08917E+10 8.45308E+11 1.08815E+10 2.16453E+8 6.89772E+6 1.78177E+8 6.60912E+6 2.95748E+6 544341
6.582278481012658227848101266 2.52262E+13 7.98695E+10 1.63799E+12 1.81306E+10 8.48142E+11 1.09539E+10 8.46671E+11 1.09418E+10 1.97385E+8 6.54847E+6 1.55412E+8 6.12508E+6 3.87476E+6 595236
6.708860759493670886075949367 2.54717E+13 8.06466E+10 1.64873E+12 1.82622E+10 8.63634E+11 1.1106E+10 8.62279E+11 1.10974E+10 2.10045E+8 6.36303E+6 1.67373E+8 5.98292E+6 3.90373E+6 567604
6.835443037974683544303797468 2.57214E+13 8.14371E+10 1.6694E+12 1.84908E+10 8.73346E+11 1.12264E+10 8.7265E+11 1.12231E+10 2.17212E+8 6.63506E+6 1.72979E+8 6.26797E+6 3.38809E+6 526637
6.962025316455696202531645570 2.59859E+13 8.22747E+10 1.67638E+12 1.86005E+10 8.66202E+11 1.11925E+10 8.64879E+11 1.11831E+10 2.20974E+8 6.28689E+6 1.68981E+8 5.80865E+6 4.06684E+6 641130
7.088607594936708860759493671 2.62261E+13 8.30357E+10 1.68102E+12 1.86887E+10 8.80264E+11 1.13637E+10 8.78874E+11 1.1355E+10 2.29703E+8 6.39739E+6 1.82979E+8 5.96742E+6 3.06268E+6 508559
7.215189873417721518987341772 2.64743E+13 8.38216E+10 1.6722E+12 1.87555E+10 8.705E+11 1.13719E+10 8.6853E+11 1.13603E+10 2.27599E+8 6.26428E+6 1.83731E+8 5.93759E+6 3.21546E+6 532547
7.341772151898734177215189873 2.67362E+13 8.46495E+10 1.72676E+12 1.91883E+10 8.98383E+11 1.16158E+10 8.96743E+11 1.16043E+10 2.2625E+8 6.2317E+6 1.79016E+8 5.8448E+6 2.57533E+6 435402
7.468354430379746835443037975 2.69913E+13 8.5458E+10 1.71653E+12 1.91644E+10 9.09568E+11 1.17583E+10 9.08565E+11 1.17515E+10 2.16892E+8 5.95164E+6 1.71432E+8 5.57758E+6 1.85906E+6 335955
7.594936708860759493670886076 2.72405E+13 8.62471E+10 1.73114E+12 1.94334E+10 8.96134E+11 1.17205E+10 8.95828E+11 1.17194E+10 2.00462E+8 5.64398E+6 1.5849E+8 5.30137E+6 2.12087E+6 363897
7.721518987341772151898734177 2.74991E+13 8.70649E+10 1.75697E+12 1.95642E+10 9.1852E+11 1.18717E+10 9.16738E+11 1.1858E+10 2.09608E+8 5.67393E+6 1.65432E+8 5.34543E+6 2.42164E+6 397687
7.848101265822784810126582278 2.77518E+13 8.78656E+10 1.76232E+12 1.97367E+10 9.1229E+11 1.1906E+10 9.11274E+11 1.18983E+10 2.18782E+8 5.58475E+6 1.70317E+8 5.23621E+6 2.97227E+6 450915
7.974683544303797468354430380 2.80013E+13 8.86558E+10 1.76744E+12 1.98184E+10 9.25445E+11 1.20443E+10 9.248E+11 1.20395E+10 2.22974E+8 5.68268E+6 1.69904E+8 5.29112E+6 1.75257E+6 317129
8.101265822784810126582278481 2.82513E+13 8.9447E+10 1.77326E+12 1.99612E+10 9.35048E+11 1.21797E+10 9.33934E+11 1.21735E+10 2.01148E+8 5.39691E+6 1.53095E+8 4.99898E+6 1.43358E+6 316104
8.227848101265822784810126582 2.851E+13 9.02665E+10 1.79509E+12 2.01713E+10 9.45119E+11 1.23092E+10 9.43067E+11 1.22958E+10 2.0512E+8 5.44957E+6 1.53738E+8 5.00448E+6 1.53983E+6 295285
8.354430379746835443037974684 2.87555E+13 9.10423E+10 1.79133E+12 2.0249E+10 9.41315E+11 1.23533E+10 9.40434E+11 1.2348E+10 1.81653E+8 4.85622E+6 1.35616E+8 4.45298E+6 1.66862E+6 297684
8.481012658227848101265822785 2.90151E+13 9.18651E+10 1.77265E+12 2.02253E+10 9.36834E+11 1.23917E+10 9.36463E+11 1.23897E+10 2.06749E+8 5.24143E+6 1.57933E+8 4.86848E+6 1.37012E+6 266542
8.607594936708860759493670886 2.92758E+13 9.26905E+10 1.80886E+12 2.04822E+10 9.46607E+11 1.2432E+10 9.45016E+11 1.242E+10 1.77713E+8 4.71668E+6 1.32183E+8 4.33346E+6 868049 203441
8.734177215189873417721518987 2.95304E+13 9.3496E+10 1.81975E+12 2.06516E+10 9.47202E+11 1.24883E+10 9.46041E+11 1.24804E+10 1.91604E+8 4.77763E+6 1.38729E+8 4.33208E+6 1.47254E+6 285257
8.860759493670886075949367089 2.97871E+13 9.43097E+10 1.84021E+12 2.08388E+10 9.53948E+11 1.25907E+10 9.52146E+11 1.25798E+10 1.91563E+8 4.73365E+6 1.3814E+8 4.3105E+6 971453 210701
8.987341772151898734177215190 3.00279E+13 9.50715E+10 1.84151E+12 2.09559E+10 9.6189E+11 1.2706E+10 9.60992E+11 1.27007E+10 1.757E+8 4.5182E+6 1.28696E+8 4.11436E+6 949898 229268
9.113924050632911392405063291 3.02891E+13 9.5897E+10 1.85992E+12 2.12198E+10 9.82854E+11 1.29581E+10 9.81313E+11 1.29453E+10 1.76187E+8 4.5925E+6 1.28144E+8 4.13776E+6 920016 206676
9.240506329113924050632911392 3.0534E+13 9.66739E+10 1.86166E+12 2.1262E+10 9.79317E+11 1.29772E+10 9.77468E+11 1.29651E+10 1.74212E+8 4.53837E+6 1.2283E+8 4.09057E+6 609696 173735
9.367088607594936708860759494 3.07924E+13 9.74917E+10 1.88771E+12 2.14896E+10 9.91111E+11 1.30302E+10 9.90471E+11 1.30256E+10 2.05029E+8 5.62441E+6 1.4699E+8 5.09432E+6 859181 224902
9.493670886075949367088607595 3.10427E+13 9.82844E+10 1.90083E+12 2.16181E+10 9.83522E+11 1.29948E+10 9.82346E+11 1.2987E+10 2.19824E+8 6.25228E+6 1.59368E+8 5.52394E+6 354374 129416
9.620253164556962025316455696 3.13076E+13 9.91221E+10 1.93197E+12 2.19164E+10 1.00694E+12 1.32642E+10 1.00471E+12 1.32487E+10 2.39263E+8 6.97433E+6 1.76064E+8 6.33397E+6 408386 132622
9.746835443037974683544303797 3.15601E+13 9.99217E+10 1.9037E+12 2.18777E+10 9.89687E+11 1.3239E+10 9.88687E+11 1.32318E+10 2.62824E+8 8.79473E+6 1.97926E+8 8.2322E+6 454022 168204
9.873417721518987341772151899 3.18115E+13 1.00717E+11 1.90767E+12 2.19585E+10 1.00716E+12 1.34438E+10 1.00632E+12 1.34379E+10 2.77719E+8 9.56248E+6 2.11815E+8 8.91417E+6 405269 135504
10 3.20626E+13 1.01513E+11 1.94419E+12 2.22507E+10 1.0196E+12 1.34995E+10 1.01823E+12 1.34909E+10 3.46195E+8 1.14955E+7 2.69316E+8 1.06539E+7 426546 141506
