# Instrument-source: 'phonon_Dorothy_modified2.instr'
# Date: Fri Mar 17 10 39 2023
# Ncount: 100000
# Numpoints: 80
# Param: E = 0
# type: multiarray_1d(80)
# title: Scan of E
# xlabel: 'E'
# ylabel: 'Intensity'
# xvars: E
# yvars: (l_monitor_before_mono_I,l_monitor_before_mono_ERR) (l_monitor_after_mono_I,l_monitor_after_mono_ERR) (l_monitor_before_sam_I,l_monitor_before_sam_ERR) (e_monitor_before_sam_I,e_monitor_before_sam_ERR) (psd_monitoraftersample_I,psd_monitoraftersample_ERR) (e_monitor_beforeana_I,e_monitor_beforeana_ERR) (psd_monitor_I,psd_monitor_ERR)
# xlimits: 0 10
# filename: mccode.dat
# variables: E l_monitor_before_mono_I l_monitor_before_mono_ERR l_monitor_after_mono_I l_monitor_after_mono_ERR l_monitor_before_sam_I l_monitor_before_sam_ERR e_monitor_before_sam_I e_monitor_before_sam_ERR psd_monitoraftersample_I psd_monitoraftersample_ERR e_monitor_beforeana_I e_monitor_beforeana_ERR psd_monitor_I psd_monitor_ERR
0 1.28996E+13 4.08376E+10 9.77468E+11 1.00176E+10 5.14369E+11 6.09886E+9 5.13341E+11 6.09162E+9 6.74078E+6 140690 0 0 0 0
0.1265822784810126582278481013 1.31151E+13 4.15199E+10 9.78962E+11 1.00962E+10 5.14444E+11 6.14934E+9 5.13893E+11 6.146E+9 7.04726E+6 150333 0 0 0 0
0.2531645569620253164556962025 1.33297E+13 4.21995E+10 9.89906E+11 1.0233E+10 5.2376E+11 6.23024E+9 5.23027E+11 6.22616E+9 7.70798E+6 157268 0 0 0 0
0.3797468354430379746835443038 1.35498E+13 4.28964E+10 1.03905E+12 1.05746E+10 5.46053E+11 6.44702E+9 5.4531E+11 6.44226E+9 8.01369E+6 161767 0 0 0 0
0.5063291139240506329113924051 1.37692E+13 4.35911E+10 1.01685E+12 1.05608E+10 5.38484E+11 6.46528E+9 5.37233E+11 6.4581E+9 8.56956E+6 162898 0 0 0 0
0.6329113924050632911392405063 1.3986E+13 4.42778E+10 1.05278E+12 1.08272E+10 5.50546E+11 6.56657E+9 5.49444E+11 6.55989E+9 8.08989E+6 163941 0 0 0 0
0.7594936708860759493670886076 1.42066E+13 4.49762E+10 1.05556E+12 1.09164E+10 5.57667E+11 6.66001E+9 5.57279E+11 6.6581E+9 8.58583E+6 170446 0 0 0 0
0.8860759493670886075949367089 1.44274E+13 4.56755E+10 1.05839E+12 1.10221E+10 5.62472E+11 6.74978E+9 5.61877E+11 6.74652E+9 8.4272E+6 168594 0 0 0 0
1.012658227848101265822784810 1.46521E+13 4.6387E+10 1.09251E+12 1.12836E+10 5.7701E+11 6.88985E+9 5.76562E+11 6.88763E+9 8.9769E+6 180097 0 0 0 0
1.139240506329113924050632911 1.48743E+13 4.70908E+10 1.08907E+12 1.1366E+10 5.78276E+11 6.96209E+9 5.77521E+11 6.95766E+9 8.85796E+6 176947 0 0 0 0
1.265822784810126582278481013 1.50987E+13 4.7801E+10 1.08509E+12 1.14093E+10 5.7851E+11 6.99524E+9 5.77698E+11 6.98994E+9 8.29952E+6 178532 0 0 0 0
1.392405063291139240506329114 1.53259E+13 4.85209E+10 1.1122E+12 1.16572E+10 5.90579E+11 7.14708E+9 5.9035E+11 7.14612E+9 9.33993E+6 188920 0 0 0 0
1.518987341772151898734177215 1.5553E+13 4.92399E+10 1.13499E+12 1.18503E+10 6.05017E+11 7.27102E+9 6.04222E+11 7.26596E+9 9.91908E+6 198458 0 0 0 0
1.645569620253164556962025316 1.57829E+13 4.99678E+10 1.12944E+12 1.19001E+10 5.9514E+11 7.23476E+9 5.94347E+11 7.22994E+9 9.58374E+6 194338 0 0 0 0
1.772151898734177215189873418 1.60087E+13 5.06829E+10 1.15601E+12 1.21409E+10 6.14665E+11 7.43687E+9 6.13805E+11 7.43217E+9 9.94478E+6 202308 0 0 0 0
1.898734177215189873417721519 1.62411E+13 5.14185E+10 1.15312E+12 1.22144E+10 6.10061E+11 7.46286E+9 6.09171E+11 7.45789E+9 1.0177E+7 205900 0 0 0 0
2.025316455696202531645569620 1.64723E+13 5.21508E+10 1.18012E+12 1.24268E+10 6.20878E+11 7.5582E+9 6.19942E+11 7.55151E+9 1.13682E+7 223035 0 0 0 0
2.151898734177215189873417722 1.66997E+13 5.2871E+10 1.18069E+12 1.25202E+10 6.24259E+11 7.65713E+9 6.22758E+11 7.64724E+9 1.02814E+7 212089 0 0 0 0
2.278481012658227848101265823 1.69329E+13 5.36098E+10 1.19241E+12 1.26711E+10 6.35206E+11 7.77195E+9 6.34247E+11 7.76494E+9 1.03595E+7 212652 0 0 0 0
2.405063291139240506329113924 1.71659E+13 5.4347E+10 1.20887E+12 1.28512E+10 6.4472E+11 7.90005E+9 6.44142E+11 7.89754E+9 1.08229E+7 222068 0 0 0 0
2.531645569620253164556962025 1.74009E+13 5.50913E+10 1.21111E+12 1.29726E+10 6.40457E+11 7.93978E+9 6.40278E+11 7.93911E+9 1.32038E+7 252491 0 0 0 0
2.658227848101265822784810127 1.76382E+13 5.58429E+10 1.23511E+12 1.31669E+10 6.55305E+11 8.03745E+9 6.54454E+11 8.03205E+9 1.20372E+7 242115 0 0 0 0
2.784810126582278481012658228 1.7875E+13 5.65924E+10 1.27062E+12 1.34448E+10 6.70696E+11 8.20867E+9 6.69161E+11 8.19799E+9 1.16644E+7 237456 0 0 0 0
2.911392405063291139240506329 1.81057E+13 5.73234E+10 1.28525E+12 1.36118E+10 6.8468E+11 8.34896E+9 6.83726E+11 8.34371E+9 1.30654E+7 258490 0 0 0 0
3.037974683544303797468354430 1.83464E+13 5.8085E+10 1.27242E+12 1.36122E+10 6.74525E+11 8.33875E+9 6.7345E+11 8.33218E+9 1.20774E+7 251363 0 0 0 0
3.164556962025316455696202532 1.85815E+13 5.883E+10 1.30117E+12 1.38818E+10 6.92136E+11 8.52835E+9 6.90992E+11 8.52039E+9 1.20724E+7 255470 0 0 0 0
3.291139240506329113924050633 1.88206E+13 5.95872E+10 1.30578E+12 1.40091E+10 6.90152E+11 8.54344E+9 6.88728E+11 8.53436E+9 1.25747E+7 262848 0 0 0 0
3.417721518987341772151898734 1.90623E+13 6.03525E+10 1.30059E+12 1.40088E+10 6.88148E+11 8.55046E+9 6.86688E+11 8.54167E+9 1.34242E+7 271252 0 0 0 0
3.544303797468354430379746835 1.92988E+13 6.11014E+10 1.31999E+12 1.42399E+10 6.92497E+11 8.64778E+9 6.91882E+11 8.64403E+9 2.25441E+7 3.0544E+6 8.34149E+6 2.81985E+6 0 0
3.670886075949367088607594937 1.95415E+13 6.18696E+10 1.34363E+12 1.44485E+10 7.03034E+11 8.74295E+9 7.01936E+11 8.73672E+9 5.03974E+7 7.21023E+6 3.19406E+7 7.09632E+6 0 0
3.797468354430379746835443038 1.9783E+13 6.26344E+10 1.35657E+12 1.465E+10 7.19781E+11 8.95804E+9 7.19064E+11 8.95332E+9 2.56914E+7 1.93888E+6 8.92782E+6 1.82056E+6 0 0
3.924050632911392405063291139 2.00238E+13 6.3397E+10 1.36924E+12 1.47875E+10 7.2261E+11 8.99541E+9 7.2213E+11 8.99273E+9 1.77991E+7 764849 2.43458E+6 586616 0 0
4.050632911392405063291139241 2.02627E+13 6.41535E+10 1.36396E+12 1.48282E+10 7.20155E+11 9.02052E+9 7.19476E+11 9.01663E+9 1.47661E+7 309846 166935 58026.8 0 0
4.177215189873417721518987342 2.051E+13 6.49364E+10 1.37436E+12 1.49749E+10 7.31266E+11 9.18203E+9 7.29905E+11 9.17276E+9 1.53362E+7 310025 1532.35 1713.21 0 0
4.303797468354430379746835443 2.07563E+13 6.57161E+10 1.40443E+12 1.52385E+10 7.51266E+11 9.40188E+9 7.50791E+11 9.39901E+9 1.55517E+7 311563 147.241 127.701 0 0
4.430379746835443037974683544 2.09992E+13 6.64856E+10 1.41153E+12 1.53557E+10 7.46393E+11 9.35921E+9 7.45593E+11 9.35305E+9 1.54681E+7 316052 122.219 78.4636 0 0
4.556962025316455696202531646 2.12426E+13 6.72567E+10 1.42982E+12 1.55378E+10 7.52676E+11 9.45633E+9 7.51158E+11 9.44707E+9 1.63748E+7 333067 83216.8 38733.8 0 0
4.683544303797468354430379747 2.14917E+13 6.80444E+10 1.46609E+12 1.58328E+10 7.81726E+11 9.74323E+9 7.80846E+11 9.73761E+9 2.09932E+7 591129 2.09939E+6 406580 0 0
4.810126582278481012658227848 2.17407E+13 6.88336E+10 1.445E+12 1.57879E+10 7.66151E+11 9.67457E+9 7.65439E+11 9.6699E+9 5.29631E+7 2.66307E+6 3.00274E+7 2.40934E+6 327607 239176
4.936708860759493670886075949 2.19885E+13 6.96176E+10 1.45917E+12 1.59607E+10 7.70556E+11 9.72885E+9 7.69511E+11 9.72196E+9 1.1247E+8 5.09859E+6 8.34405E+7 4.76344E+6 5.34454E+6 1.21028E+6
5.063291139240506329113924051 2.22295E+13 7.03811E+10 1.48661E+12 1.62307E+10 7.84208E+11 9.89605E+9 7.8321E+11 9.88886E+9 2.5208E+8 9.25395E+6 2.05594E+8 8.70116E+6 1.96266E+7 2.63574E+6
5.189873417721518987341772152 2.2476E+13 7.11613E+10 1.50023E+12 1.63835E+10 7.98606E+11 1.00382E+10 7.97104E+11 1.00282E+10 3.77026E+8 1.25022E+7 3.19084E+8 1.19776E+7 2.93045E+7 3.39622E+6
5.316455696202531645569620253 2.27264E+13 7.19545E+10 1.51861E+12 1.65691E+10 8.01318E+11 1.01196E+10 8.00857E+11 1.01168E+10 4.60252E+8 1.42565E+7 3.96229E+8 1.36502E+7 3.97495E+7 3.89246E+6
5.443037974683544303797468354 2.29774E+13 7.27492E+10 1.50432E+12 1.65988E+10 8.01603E+11 1.01661E+10 8.01273E+11 1.01645E+10 4.93906E+8 1.74769E+7 4.27557E+8 1.6916E+7 3.73997E+7 5.35451E+6
5.569620253164556962025316456 2.32153E+13 7.35023E+10 1.50156E+12 1.66593E+10 7.98597E+11 1.02068E+10 7.98245E+11 1.02051E+10 5.02584E+8 1.48213E+7 4.19681E+8 1.39503E+7 3.10023E+7 3.30504E+6
5.696202531645569620253164557 2.34731E+13 7.43187E+10 1.52392E+12 1.68398E+10 8.08036E+11 1.02972E+10 8.06751E+11 1.02877E+10 4.50283E+8 1.33927E+7 3.79792E+8 1.26377E+7 3.27895E+7 3.56121E+6
5.822784810126582278481012658 2.3725E+13 7.51168E+10 1.54138E+12 1.70744E+10 8.14882E+11 1.03969E+10 8.1423E+11 1.03929E+10 3.83329E+8 1.13834E+7 3.21426E+8 1.07949E+7 2.05747E+7 2.33918E+6
5.949367088607594936708860759 2.39733E+13 7.59026E+10 1.56249E+12 1.72864E+10 8.26177E+11 1.0565E+10 8.25723E+11 1.0562E+10 3.30253E+8 1.02496E+7 2.74587E+8 9.73599E+6 2.18226E+7 2.30163E+6
6.075949367088607594936708861 2.42215E+13 7.66881E+10 1.56485E+12 1.73489E+10 8.3312E+11 1.06564E+10 8.3204E+11 1.06503E+10 2.58434E+8 8.57206E+6 2.11382E+8 8.13542E+6 1.07721E+7 1.50418E+6
6.202531645569620253164556962 2.44752E+13 7.74912E+10 1.58689E+12 1.7612E+10 8.42922E+11 1.07987E+10 8.41621E+11 1.07893E+10 1.97299E+8 7.2594E+6 1.55983E+8 6.81705E+6 6.5316E+6 1.0271E+6
6.329113924050632911392405063 2.47229E+13 7.8276E+10 1.59067E+12 1.77168E+10 8.55448E+11 1.0973E+10 8.54054E+11 1.09641E+10 1.2207E+8 5.03444E+6 8.58551E+7 4.66608E+6 3.3708E+6 681195
6.455696202531645569620253165 2.49695E+13 7.90569E+10 1.60998E+12 1.7895E+10 8.62883E+11 1.10392E+10 8.616E+11 1.10305E+10 6.64678E+7 2.84818E+6 3.98111E+7 2.63331E+6 2.44367E+6 535887
6.582278481012658227848101266 2.52293E+13 7.9879E+10 1.61476E+12 1.79792E+10 8.59014E+11 1.10185E+10 8.57772E+11 1.10096E+10 3.52042E+7 1.32693E+6 1.06546E+7 1.06674E+6 1.07936E+6 364090
6.708860759493670886075949367 2.54756E+13 8.06588E+10 1.62456E+12 1.81469E+10 8.73224E+11 1.12046E+10 8.71933E+11 1.1197E+10 2.9721E+7 998211 8.1824E+6 725564 327481 148566
6.835443037974683544303797468 2.57282E+13 8.14584E+10 1.64839E+12 1.83698E+10 8.71105E+11 1.123E+10 8.70167E+11 1.1224E+10 5.81533E+7 2.30655E+6 3.01338E+7 2.02878E+6 1.9681E+6 451477
6.962025316455696202531645570 2.59743E+13 8.22377E+10 1.66493E+12 1.85718E+10 8.87746E+11 1.14011E+10 8.86429E+11 1.13931E+10 1.17877E+8 4.45964E+6 8.28702E+7 4.12885E+6 3.91152E+6 711111
7.088607594936708860759493671 2.6229E+13 8.30446E+10 1.64302E+12 1.85296E+10 8.70763E+11 1.13223E+10 8.70238E+11 1.13183E+10 1.73478E+8 5.58832E+6 1.3193E+8 5.26675E+6 5.75072E+6 871903
7.215189873417721518987341772 2.64806E+13 8.38409E+10 1.65357E+12 1.8671E+10 8.77274E+11 1.1409E+10 8.75803E+11 1.14003E+10 2.20012E+8 6.38215E+6 1.76382E+8 6.05358E+6 4.9788E+6 797292
7.341772151898734177215189873 2.67431E+13 8.46721E+10 1.70285E+12 1.90396E+10 9.02363E+11 1.16061E+10 9.01529E+11 1.16E+10 2.36344E+8 6.35656E+6 1.89945E+8 5.96707E+6 6.46993E+6 867002
7.468354430379746835443037975 2.69947E+13 8.54683E+10 1.71931E+12 1.92232E+10 9.12051E+11 1.1722E+10 9.10138E+11 1.17102E+10 2.54456E+8 6.65341E+6 2.01523E+8 6.25284E+6 6.20686E+6 807146
7.594936708860759493670886076 2.72459E+13 8.62641E+10 1.72924E+12 1.9366E+10 9.25096E+11 1.18974E+10 9.23391E+11 1.18843E+10 2.1243E+8 5.73487E+6 1.69969E+8 5.42511E+6 4.68916E+6 602292
7.721518987341772151898734177 2.74936E+13 8.7048E+10 1.7358E+12 1.94843E+10 9.15644E+11 1.18561E+10 9.14498E+11 1.18483E+10 2.08663E+8 5.57351E+6 1.65635E+8 5.21798E+6 3.66023E+6 606974
7.848101265822784810126582278 2.77481E+13 8.78537E+10 1.69588E+12 1.93484E+10 9.00091E+11 1.18414E+10 8.98525E+11 1.18315E+10 2.07859E+8 5.55821E+6 1.65949E+8 5.22612E+6 4.21109E+6 573260
7.974683544303797468354430380 2.8E+13 8.86512E+10 1.7367E+12 1.9684E+10 9.21935E+11 1.20271E+10 9.20243E+11 1.20151E+10 2.1729E+8 5.55401E+6 1.68301E+8 5.1642E+6 3.88969E+6 567374
8.101265822784810126582278481 2.82575E+13 8.94667E+10 1.72906E+12 1.97066E+10 9.19384E+11 1.2083E+10 9.18624E+11 1.2079E+10 1.84587E+8 5.03107E+6 1.45333E+8 4.70524E+6 2.8077E+6 439975
8.227848101265822784810126582 2.85077E+13 9.02591E+10 1.7308E+12 1.98282E+10 9.19205E+11 1.21777E+10 9.18428E+11 1.21736E+10 2.02046E+8 5.30672E+6 1.58343E+8 4.95909E+6 4.5495E+6 609532
8.354430379746835443037974684 2.87637E+13 9.1069E+10 1.78137E+12 2.02099E+10 9.48058E+11 1.23792E+10 9.47056E+11 1.23729E+10 1.76476E+8 4.73353E+6 1.34739E+8 4.37305E+6 3.20756E+6 460607
8.481012658227848101265822785 2.90196E+13 9.18794E+10 1.78677E+12 2.03258E+10 9.54263E+11 1.24822E+10 9.53507E+11 1.24775E+10 1.86418E+8 4.77275E+6 1.41299E+8 4.40436E+6 2.20184E+6 351031
8.607594936708860759493670886 2.92736E+13 9.26837E+10 1.78983E+12 2.04282E+10 9.57622E+11 1.25632E+10 9.56602E+11 1.25562E+10 1.82969E+8 4.84017E+6 1.38186E+8 4.44727E+6 1.74645E+6 321668
8.734177215189873417721518987 2.95189E+13 9.34598E+10 1.80852E+12 2.06167E+10 9.71362E+11 1.27365E+10 9.70194E+11 1.27284E+10 1.8366E+8 5.5671E+6 1.37484E+8 4.87892E+6 2.33049E+6 334475
8.860759493670886075949367089 2.97804E+13 9.42884E+10 1.81301E+12 2.07085E+10 9.67766E+11 1.27147E+10 9.66858E+11 1.27099E+10 2.01123E+8 6.51486E+6 1.56042E+8 5.87042E+6 2.28087E+6 346346
8.987341772151898734177215190 3.00397E+13 9.51091E+10 1.79363E+12 2.07129E+10 9.5593E+11 1.27472E+10 9.55367E+11 1.27425E+10 2.28382E+8 1.02972E+7 1.85099E+8 1.00478E+7 1.25447E+6 239778
9.113924050632911392405063291 3.02867E+13 9.58909E+10 1.82229E+12 2.09827E+10 9.67787E+11 1.28346E+10 9.66206E+11 1.28234E+10 2.85422E+8 1.39969E+7 2.3481E+8 1.30418E+7 1.58099E+6 308383
9.240506329113924050632911392 3.05451E+13 9.67084E+10 1.83184E+12 2.11061E+10 9.76345E+11 1.29451E+10 9.75575E+11 1.29402E+10 3.74999E+8 2.60181E+7 3.16819E+8 2.56026E+7 1.20714E+6 231572
9.367088607594936708860759494 3.07987E+13 9.75106E+10 1.86755E+12 2.14155E+10 9.93484E+11 1.30975E+10 9.91749E+11 1.3087E+10 4.28235E+8 3.05698E+7 3.66393E+8 2.96475E+7 1.41705E+6 250618
9.493670886075949367088607595 3.10441E+13 9.8288E+10 1.86204E+12 2.14575E+10 9.85204E+11 1.31014E+10 9.8429E+11 1.30943E+10 3.79955E+8 2.26083E+7 3.15085E+8 2.12889E+7 1.19354E+6 227508
9.620253164556962025316455696 3.13047E+13 9.91131E+10 1.91073E+12 2.18349E+10 1.00597E+12 1.32295E+10 1.00491E+12 1.32226E+10 2.97356E+8 1.53002E+7 2.33214E+8 1.39861E+7 849085 177496
9.746835443037974683544303797 3.15524E+13 9.98973E+10 1.87796E+12 2.16966E+10 9.97093E+11 1.32478E+10 9.95107E+11 1.32326E+10 3.23002E+8 1.50339E+7 2.50523E+8 1.28371E+7 885762 185349
9.873417721518987341772151899 3.18088E+13 1.00708E+11 1.8767E+12 2.18214E+10 1.00091E+12 1.34007E+10 1.00009E+12 1.33969E+10 3.3165E+8 1.46179E+7 2.66439E+8 1.37068E+7 510118 133166
10 3.20654E+13 1.01522E+11 1.93865E+12 2.23171E+10 1.02211E+12 1.35815E+10 1.0205E+12 1.35709E+10 3.48418E+8 1.57071E+7 2.85927E+8 1.50772E+7 792981 157428
