# Instrument-source: 'phonon_Dorothy_modified-2.instr'
# Date: Fri Mar 17 10 41 2023
# Ncount: 100000
# Numpoints: 80
# Param: E = 5
# type: multiarray_1d(80)
# title: Scan of E
# xlabel: 'E'
# ylabel: 'Intensity'
# xvars: E
# yvars: (l_monitor_before_mono_I,l_monitor_before_mono_ERR) (l_monitor_after_mono_I,l_monitor_after_mono_ERR) (l_monitor_before_sam_I,l_monitor_before_sam_ERR) (e_monitor_before_sam_I,e_monitor_before_sam_ERR) (psd_monitoraftersample_I,psd_monitoraftersample_ERR) (e_monitor_beforeana_I,e_monitor_beforeana_ERR) (psd_monitor_I,psd_monitor_ERR)
# xlimits: 15 5
# filename: mccode.dat
# variables: E l_monitor_before_mono_I l_monitor_before_mono_ERR l_monitor_after_mono_I l_monitor_after_mono_ERR l_monitor_before_sam_I l_monitor_before_sam_ERR e_monitor_before_sam_I e_monitor_before_sam_ERR psd_monitoraftersample_I psd_monitoraftersample_ERR e_monitor_beforeana_I e_monitor_beforeana_ERR psd_monitor_I psd_monitor_ERR
5 2.21036E+13 6.99824E+10 1.48488E+12 1.61358E+10 7.73701E+11 9.76376E+9 7.72704E+11 9.7576E+9 7.15473E+6 150711 0 0 0 0
5.126582278481012658227848101 2.23498E+13 7.07613E+10 1.50625E+12 1.6375E+10 7.86644E+11 9.91323E+9 7.84953E+11 9.90344E+9 6.37604E+6 139953 0 0 0 0
5.253164556962025316455696202 2.25977E+13 7.15465E+10 1.51367E+12 1.64788E+10 7.91424E+11 1.00095E+10 7.90168E+11 1.00025E+10 7.85522E+6 161256 0 0 0 0
5.379746835443037974683544304 2.28505E+13 7.23476E+10 1.53504E+12 1.66861E+10 8.01315E+11 1.01309E+10 8.00091E+11 1.01233E+10 7.14862E+6 151886 0 0 0 0
5.506329113924050632911392405 2.30898E+13 7.31052E+10 1.52403E+12 1.67428E+10 7.97508E+11 1.01736E+10 7.96712E+11 1.01691E+10 8.01928E+6 163893 0 0 0 0
5.632911392405063291139240506 2.33379E+13 7.38908E+10 1.55205E+12 1.69614E+10 8.14524E+11 1.03067E+10 8.13662E+11 1.03012E+10 1.00096E+7 1.79759E+6 2.91848E+6 1.89276E+6 651331 651331
5.759493670886075949367088608 2.35929E+13 7.46978E+10 1.52745E+12 1.69163E+10 7.97594E+11 1.02563E+10 7.96652E+11 1.02504E+10 4.49615E+7 7.01776E+6 3.52549E+7 6.97561E+6 2.11865E+6 1.13107E+6
5.886075949367088607594936709 2.38391E+13 7.54772E+10 1.57232E+12 1.72649E+10 8.15298E+11 1.04358E+10 8.14632E+11 1.04304E+10 8.21663E+7 9.35313E+6 6.55306E+7 8.97618E+6 379428 379428
6.012658227848101265822784810 2.40898E+13 7.6271E+10 1.56172E+12 1.72965E+10 8.28337E+11 1.06021E+10 8.27177E+11 1.05948E+10 6.04973E+7 5.45933E+6 4.35495E+7 4.95159E+6 2.65623E+6 1.02831E+6
6.139240506329113924050632911 2.43464E+13 7.70836E+10 1.62351E+12 1.77174E+10 8.51963E+11 1.07917E+10 8.51275E+11 1.07871E+10 3.78913E+7 3.2055E+6 2.28387E+7 2.75595E+6 1.11898E+6 590276
6.265822784810126582278481013 2.45875E+13 7.78472E+10 1.61973E+12 1.78428E+10 8.40808E+11 1.0796E+10 8.39386E+11 1.07865E+10 2.34833E+7 1.71294E+6 1.16461E+7 1.50469E+6 187259 105514
6.392405063291139240506329114 2.48429E+13 7.86561E+10 1.60912E+12 1.78122E+10 8.49027E+11 1.08793E+10 8.47968E+11 1.0872E+10 1.47236E+7 849852 4.51588E+6 803053 0 0
6.518987341772151898734177215 2.50963E+13 7.94579E+10 1.6069E+12 1.79044E+10 8.49975E+11 1.09691E+10 8.48997E+11 1.09621E+10 9.73421E+6 312008 885822 253144 0 0
6.645569620253164556962025316 2.53547E+13 8.02758E+10 1.63042E+12 1.81232E+10 8.53614E+11 1.1014E+10 8.52181E+11 1.10026E+10 9.03559E+6 208002 259380 102972 0 0
6.772151898734177215189873418 2.56047E+13 8.10676E+10 1.66912E+12 1.83909E+10 8.87361E+11 1.13138E+10 8.86927E+11 1.13112E+10 8.80025E+6 197353 208563 67156.6 0 0
6.898734177215189873417721519 2.58445E+13 8.18272E+10 1.6936E+12 1.86364E+10 8.85236E+11 1.13362E+10 8.84536E+11 1.13321E+10 1.12498E+7 354420 2.00364E+6 286742 20220.6 20220.6
7.025316455696202531645569620 2.61077E+13 8.26601E+10 1.68031E+12 1.86498E+10 8.77865E+11 1.13347E+10 8.76448E+11 1.13248E+10 1.77164E+7 958898 7.56566E+6 880145 626711 283369
7.151898734177215189873417722 2.63595E+13 8.34567E+10 1.66972E+12 1.8728E+10 8.88451E+11 1.14889E+10 8.87823E+11 1.14859E+10 3.7511E+7 2.01832E+6 2.54284E+7 1.92307E+6 3.38301E+6 767704
7.278481012658227848101265823 2.66109E+13 8.42537E+10 1.69677E+12 1.89382E+10 8.84267E+11 1.14697E+10 8.83267E+11 1.14637E+10 6.33196E+7 3.02203E+6 4.79144E+7 2.86459E+6 6.14865E+6 1.08198E+6
7.405063291139240506329113924 2.68608E+13 8.50446E+10 1.71256E+12 1.91353E+10 8.96062E+11 1.16173E+10 8.94272E+11 1.1604E+10 9.18766E+7 4.08274E+6 7.36338E+7 3.8921E+6 5.88216E+6 987051
7.531645569620253164556962025 2.71154E+13 8.58507E+10 1.72592E+12 1.93283E+10 9.09028E+11 1.17825E+10 9.08175E+11 1.17765E+10 1.11309E+8 3.54033E+6 8.98232E+7 3.37642E+6 3.85073E+6 534883
7.658227848101265822784810127 2.73686E+13 8.66524E+10 1.72433E+12 1.93597E+10 9.02918E+11 1.17738E+10 9.0198E+11 1.17688E+10 1.18972E+8 3.21143E+6 9.70573E+7 3.05516E+6 5.35101E+6 591054
7.784810126582278481012658228 2.76193E+13 8.7446E+10 1.74951E+12 1.96119E+10 9.21145E+11 1.19762E+10 9.20004E+11 1.19688E+10 1.21006E+8 3.01484E+6 9.70442E+7 2.84306E+6 5.82181E+6 621878
7.911392405063291139240506329 2.78719E+13 8.8246E+10 1.76342E+12 1.97775E+10 9.23183E+11 1.20161E+10 9.22577E+11 1.20123E+10 1.31938E+8 3.1674E+6 1.04018E+8 2.95957E+6 8.11237E+6 754430
8.037974683544303797468354430 2.8134E+13 8.90752E+10 1.78847E+12 1.99692E+10 9.50049E+11 1.22543E+10 9.49619E+11 1.22515E+10 1.40061E+8 3.41834E+6 1.07729E+8 3.1556E+6 6.14619E+6 721068
8.164556962025316455696202532 2.83853E+13 8.98708E+10 1.83638E+12 2.03829E+10 9.69564E+11 1.24525E+10 9.68883E+11 1.24474E+10 1.32091E+8 3.41565E+6 9.61199E+7 3.06721E+6 5.27936E+6 681841
8.291139240506329113924050633 2.86364E+13 9.06663E+10 1.80249E+12 2.02403E+10 9.4202E+11 1.22999E+10 9.40883E+11 1.22913E+10 1.4117E+8 3.82467E+6 1.02236E+8 3.52581E+6 5.20766E+6 671840
8.417721518987341772151898734 2.8887E+13 9.14594E+10 1.8083E+12 2.03755E+10 9.4279E+11 1.23391E+10 9.41395E+11 1.23308E+10 1.25465E+8 3.41702E+6 8.36388E+7 3.01468E+6 4.72656E+6 585794
8.544303797468354430379746835 2.91408E+13 9.22634E+10 1.81541E+12 2.05052E+10 9.44368E+11 1.24039E+10 9.43847E+11 1.2401E+10 1.25405E+8 3.43282E+6 8.47895E+7 3.1038E+6 4.6291E+6 549477
8.670886075949367088607594937 2.93954E+13 9.30692E+10 1.82195E+12 2.06656E+10 9.56299E+11 1.25675E+10 9.54763E+11 1.25569E+10 1.18837E+8 3.26297E+6 8.1256E+7 3.00791E+6 3.54663E+6 462122
8.797468354430379746835443038 2.96468E+13 9.38651E+10 1.83089E+12 2.0771E+10 9.57792E+11 1.26385E+10 9.56855E+11 1.26337E+10 1.18765E+8 3.23376E+6 8.07073E+7 2.99079E+6 4.94642E+6 600006
8.924050632911392405063291139 2.98971E+13 9.46578E+10 1.8426E+12 2.09207E+10 9.62114E+11 1.26864E+10 9.61008E+11 1.26797E+10 1.06824E+8 3.08637E+6 7.2288E+7 2.8575E+6 3.06477E+6 479311
9.050632911392405063291139241 3.01644E+13 9.5504E+10 1.88959E+12 2.12995E+10 9.95036E+11 1.3009E+10 9.94634E+11 1.30075E+10 8.59501E+7 2.65631E+6 5.30604E+7 2.41885E+6 1.87796E+6 326120
9.177215189873417721518987342 3.04179E+13 9.63059E+10 1.84778E+12 2.11293E+10 9.7945E+11 1.29735E+10 9.77984E+11 1.29632E+10 7.57226E+7 2.33503E+6 4.26874E+7 2.07954E+6 1.35587E+6 273188
9.303797468354430379746835443 3.06701E+13 9.71036E+10 1.91645E+12 2.16556E+10 1.01167E+12 1.32142E+10 1.01108E+12 1.32104E+10 6.01738E+7 1.8536E+6 2.83732E+7 1.63404E+6 677082 159279
9.430379746835443037974683544 3.09269E+13 9.79179E+10 1.90948E+12 2.17034E+10 1.00775E+12 1.33017E+10 1.00763E+12 1.33012E+10 3.98803E+7 1.17432E+6 1.26295E+7 933172 957809 217493
9.556962025316455696202531646 3.1175E+13 9.87027E+10 1.90236E+12 2.17125E+10 9.93762E+11 1.31816E+10 9.91289E+11 1.31639E+10 3.42091E+7 955435 8.515E+6 705556 550746 140387
9.683544303797468354430379747 3.14272E+13 9.95014E+10 1.94283E+12 2.20628E+10 1.01515E+12 1.33802E+10 1.01431E+12 1.3376E+10 2.92416E+7 710339 3.50007E+6 344144 191856 77713.6
9.810126582278481012658227848 3.16818E+13 1.00307E+11 1.95569E+12 2.22068E+10 1.02341E+12 1.34857E+10 1.02267E+12 1.34798E+10 3.38162E+7 835024 5.41533E+6 507410 509722 162768
9.936708860759493670886075949 3.19299E+13 1.01093E+11 1.92043E+12 2.20635E+10 1.00764E+12 1.34048E+10 1.00509E+12 1.33865E+10 4.24479E+7 1.23725E+6 1.45378E+7 1.00042E+6 1.24807E+6 264204
10.06329113924050632911392405 3.21952E+13 1.01932E+11 1.95335E+12 2.23678E+10 1.02708E+12 1.36356E+10 1.02569E+12 1.36266E+10 5.80988E+7 1.76086E+6 2.86706E+7 1.54957E+6 1.97767E+6 334314
10.18987341772151898734177215 3.2435E+13 1.02691E+11 1.9831E+12 2.26393E+10 1.04649E+12 1.3856E+10 1.04512E+12 1.38472E+10 6.89962E+7 2.06989E+6 3.86985E+7 1.85184E+6 1.66107E+6 285227
10.31645569620253164556962025 3.2697E+13 1.03521E+11 2.009E+12 2.28964E+10 1.05873E+12 1.39785E+10 1.05822E+12 1.39759E+10 8.60225E+7 2.38979E+6 5.31668E+7 2.16023E+6 1.92821E+6 301534
10.44303797468354430379746835 3.29521E+13 1.04328E+11 1.99722E+12 2.28804E+10 1.05471E+12 1.40147E+10 1.05133E+12 1.39886E+10 9.76976E+7 2.56795E+6 6.19113E+7 2.32903E+6 1.58215E+6 275917
10.56962025316455696202531646 3.32023E+13 1.0512E+11 1.99884E+12 2.29967E+10 1.05461E+12 1.40491E+10 1.05304E+12 1.40389E+10 9.24775E+7 2.41404E+6 5.75251E+7 2.17923E+6 1.87043E+6 267581
10.69620253164556962025316456 3.34586E+13 1.05931E+11 1.99977E+12 2.3084E+10 1.05181E+12 1.40774E+10 1.05093E+12 1.40733E+10 9.16297E+7 2.41565E+6 5.72999E+7 2.16446E+6 2.32947E+6 317726
10.82278481012658227848101266 3.37135E+13 1.06738E+11 1.98052E+12 2.30416E+10 1.04839E+12 1.41084E+10 1.04741E+12 1.41024E+10 1.0109E+8 2.48838E+6 6.23636E+7 2.21037E+6 2.47026E+6 341949
10.94936708860759493670886076 3.39682E+13 1.07544E+11 2.03666E+12 2.3464E+10 1.06724E+12 1.4264E+10 1.06614E+12 1.42561E+10 9.79627E+7 2.4738E+6 6.04367E+7 2.20069E+6 1.67498E+6 264862
11.07594936708860759493670886 3.42175E+13 1.08333E+11 2.02778E+12 2.34554E+10 1.07217E+12 1.43251E+10 1.07096E+12 1.43168E+10 9.76646E+7 2.4299E+6 5.73963E+7 2.11083E+6 1.28657E+6 198947
11.20253164556962025316455696 3.44694E+13 1.09131E+11 2.05893E+12 2.37555E+10 1.07146E+12 1.43682E+10 1.0706E+12 1.43612E+10 9.91804E+7 2.42255E+6 5.91579E+7 2.11126E+6 1.68852E+6 236814
11.32911392405063291139240506 3.47156E+13 1.0991E+11 2.06609E+12 2.39071E+10 1.08322E+12 1.45042E+10 1.08126E+12 1.44912E+10 1.00665E+8 2.58458E+6 5.919E+7 2.16974E+6 1.64958E+6 251868
11.45569620253164556962025316 3.49842E+13 1.10761E+11 2.07238E+12 2.39718E+10 1.08743E+12 1.45935E+10 1.08607E+12 1.45846E+10 9.03785E+7 2.25606E+6 5.24896E+7 1.95684E+6 1.59144E+6 233668
11.58227848101265822784810127 3.52223E+13 1.11514E+11 2.05472E+12 2.4045E+10 1.07732E+12 1.46684E+10 1.0751E+12 1.46521E+10 9.18514E+7 2.22792E+6 5.24523E+7 1.91518E+6 1.26514E+6 206250
11.70886075949367088607594937 3.5484E+13 1.12342E+11 2.11754E+12 2.44631E+10 1.11807E+12 1.49526E+10 1.1166E+12 1.4941E+10 9.37423E+7 2.31252E+6 5.61425E+7 2.03372E+6 1.29379E+6 208634
11.83544303797468354430379747 3.57194E+13 1.13087E+11 2.11113E+12 2.4484E+10 1.09524E+12 1.47508E+10 1.09354E+12 1.47392E+10 9.15967E+7 2.19617E+6 5.21892E+7 1.87073E+6 1.70077E+6 247679
11.96202531645569620253164557 3.59809E+13 1.13914E+11 2.10789E+12 2.45325E+10 1.10944E+12 1.49513E+10 1.1082E+12 1.49438E+10 9.74123E+7 2.33045E+6 5.69795E+7 2.00347E+6 1.22943E+6 200624
12.08860759493670886075949367 3.62238E+13 1.14683E+11 2.16109E+12 2.49427E+10 1.13496E+12 1.51709E+10 1.13443E+12 1.5167E+10 9.04765E+7 2.22486E+6 5.36673E+7 1.94384E+6 1.19364E+6 201485
12.21518987341772151898734177 3.64785E+13 1.1549E+11 2.15995E+12 2.50625E+10 1.13035E+12 1.52344E+10 1.12871E+12 1.52217E+10 8.98236E+7 2.13494E+6 5.1476E+7 1.81715E+6 1.22949E+6 173932
12.34177215189873417721518987 3.67344E+13 1.16299E+11 2.1771E+12 2.52191E+10 1.14053E+12 1.53277E+10 1.13948E+12 1.53209E+10 8.49607E+7 2.05315E+6 4.74226E+7 1.75349E+6 1.1626E+6 185181
12.46835443037974683544303798 3.69815E+13 1.17082E+11 2.09086E+12 2.47826E+10 1.09763E+12 1.51113E+10 1.09718E+12 1.51084E+10 8.14703E+7 2.01027E+6 4.4955E+7 1.6972E+6 989871 166567
12.59493670886075949367088608 3.72231E+13 1.17846E+11 2.11339E+12 2.50064E+10 1.11526E+12 1.52747E+10 1.11373E+12 1.52666E+10 7.52844E+7 1.92706E+6 3.91689E+7 1.57671E+6 694384 124159
12.72151898734177215189873418 3.74749E+13 1.18643E+11 2.12761E+12 2.51797E+10 1.10219E+12 1.51614E+10 1.10113E+12 1.51553E+10 8.05436E+7 1.98348E+6 4.02032E+7 1.61009E+6 556839 107645
12.84810126582278481012658228 3.77265E+13 1.1944E+11 2.16191E+12 2.54502E+10 1.11942E+12 1.53481E+10 1.11797E+12 1.53373E+10 6.55893E+7 1.67816E+6 2.79936E+7 1.28897E+6 682285 106487
12.97468354430379746835443038 3.79689E+13 1.20207E+11 2.21544E+12 2.58968E+10 1.17048E+12 1.57771E+10 1.16952E+12 1.57706E+10 6.3686E+7 1.54744E+6 2.3664E+7 1.15237E+6 652231 108347
13.10126582278481012658227848 3.82159E+13 1.20988E+11 2.20782E+12 2.58908E+10 1.17149E+12 1.58872E+10 1.17059E+12 1.58819E+10 5.46587E+7 1.30426E+6 1.88721E+7 918827 941988 143815
13.22784810126582278481012658 3.84707E+13 1.21795E+11 2.20992E+12 2.59609E+10 1.16262E+12 1.58676E+10 1.1605E+12 1.58506E+10 6.18381E+7 1.4905E+6 2.28384E+7 1.06619E+6 784241 126809
13.35443037974683544303797468 3.87032E+13 1.2253E+11 2.23589E+12 2.62531E+10 1.17726E+12 1.60285E+10 1.17558E+12 1.60143E+10 6.43135E+7 1.60944E+6 2.46893E+7 1.16061E+6 977981 137785
13.48101265822784810126582278 3.89553E+13 1.23328E+11 2.21678E+12 2.62186E+10 1.13958E+12 1.57294E+10 1.13837E+12 1.57203E+10 6.59968E+7 1.67996E+6 2.87263E+7 1.28621E+6 802668 126374
13.60759493670886075949367089 3.92099E+13 1.24134E+11 2.21364E+12 2.62858E+10 1.16303E+12 1.60093E+10 1.16125E+12 1.59953E+10 7.66446E+7 1.85814E+6 3.67532E+7 1.44826E+6 796105 127706
13.73417721518987341772151899 3.94554E+13 1.2491E+11 2.30366E+12 2.68842E+10 1.22828E+12 1.65367E+10 1.22606E+12 1.65211E+10 7.86168E+7 1.88348E+6 3.72223E+7 1.44059E+6 986948 140223
13.86075949367088607594936709 3.96986E+13 1.2568E+11 2.2447E+12 2.66451E+10 1.17409E+12 1.61481E+10 1.17399E+12 1.61478E+10 8.27595E+7 1.97737E+6 4.20582E+7 1.56795E+6 787266 120940
13.98734177215189873417721519 3.995E+13 1.26475E+11 2.25402E+12 2.6742E+10 1.18683E+12 1.6287E+10 1.18539E+12 1.62783E+10 8.53635E+7 2.05446E+6 4.46803E+7 1.65377E+6 1.02005E+6 146158
14.11392405063291139240506329 4.01854E+13 1.2722E+11 2.27165E+12 2.69307E+10 1.20671E+12 1.65395E+10 1.205E+12 1.65271E+10 9.36537E+7 2.1894E+6 4.88968E+7 1.76137E+6 663846 118300
14.24050632911392405063291139 4.0424E+13 1.27975E+11 2.22687E+12 2.67207E+10 1.1639E+12 1.62042E+10 1.16191E+12 1.61871E+10 8.56797E+7 2.08122E+6 4.48871E+7 1.67498E+6 698931 109123
14.36708860759493670886075949 4.06737E+13 1.28765E+11 2.26368E+12 2.70701E+10 1.19605E+12 1.65405E+10 1.19467E+12 1.6528E+10 8.79804E+7 2.13819E+6 4.44508E+7 1.68518E+6 809349 125448
14.49367088607594936708860760 4.09174E+13 1.29536E+11 2.31412E+12 2.74239E+10 1.20511E+12 1.65277E+10 1.20401E+12 1.65218E+10 1.05417E+8 2.32197E+6 5.59927E+7 1.86243E+6 827665 124726
14.62025316455696202531645570 4.11605E+13 1.30305E+11 2.3174E+12 2.75672E+10 1.23097E+12 1.69089E+10 1.23045E+12 1.69061E+10 8.95356E+7 2.15796E+6 4.67797E+7 1.70732E+6 693529 116440
14.74683544303797468354430380 4.14037E+13 1.31075E+11 2.33775E+12 2.76998E+10 1.23216E+12 1.68969E+10 1.23054E+12 1.6886E+10 9.65876E+7 2.2406E+6 5.10584E+7 1.79999E+6 1.0681E+6 153500
14.87341772151898734177215190 4.16552E+13 1.31871E+11 2.32636E+12 2.77681E+10 1.22813E+12 1.69858E+10 1.22627E+12 1.6975E+10 9.82928E+7 2.25008E+6 5.0507E+7 1.7721E+6 975311 153155
15 4.18867E+13 1.32603E+11 2.32936E+12 2.78311E+10 1.23124E+12 1.702E+10 1.23066E+12 1.70151E+10 8.89862E+7 2.13614E+6 4.47379E+7 1.66441E+6 800914 123736
