# Instrument-source: 'phonon_Dorothy_modified2.instr'
# Date: Mon Mar 13 12 16 2023
# Ncount: 100000
# Numpoints: 80
# Param: E = 0
# type: multiarray_1d(80)
# title: Scan of E
# xlabel: 'E'
# ylabel: 'Intensity'
# xvars: E
# yvars: (l_monitor_before_mono_I,l_monitor_before_mono_ERR) (l_monitor_after_mono_I,l_monitor_after_mono_ERR) (l_monitor_before_sam_I,l_monitor_before_sam_ERR) (e_monitor_before_sam_I,e_monitor_before_sam_ERR) (psd_monitoraftersample_I,psd_monitoraftersample_ERR) (e_monitor_beforeana_I,e_monitor_beforeana_ERR) (psd_monitor_I,psd_monitor_ERR)
# xlimits: 0 10
# filename: mccode.dat
# variables: E l_monitor_before_mono_I l_monitor_before_mono_ERR l_monitor_after_mono_I l_monitor_after_mono_ERR l_monitor_before_sam_I l_monitor_before_sam_ERR e_monitor_before_sam_I e_monitor_before_sam_ERR psd_monitoraftersample_I psd_monitoraftersample_ERR e_monitor_beforeana_I e_monitor_beforeana_ERR psd_monitor_I psd_monitor_ERR
0 1.28984E+13 4.08336E+10 9.85883E+11 1.00413E+10 5.23347E+11 6.15384E+9 5.22625E+11 6.14979E+9 2.41656E+9 6.3669E+7 2.12298E+9 6.0473E+7 726991 76835.5
0.1265822784810126582278481013 1.31135E+13 4.15149E+10 9.90248E+11 1.01586E+10 5.18911E+11 6.15967E+9 5.18131E+11 6.15511E+9 2.27379E+9 5.82164E+7 2.01506E+9 5.55954E+7 832029 81557
0.2531645569620253164556962025 1.33305E+13 4.22018E+10 9.94214E+11 1.02712E+10 5.25794E+11 6.28589E+9 5.25119E+11 6.28162E+9 2.16801E+9 5.65077E+7 1.90426E+9 5.36431E+7 990616 98917.6
0.3797468354430379746835443038 1.35449E+13 4.2881E+10 1.02522E+12 1.05129E+10 5.40867E+11 6.426E+9 5.40209E+11 6.42257E+9 1.90535E+9 5.08409E+7 1.6901E+9 4.85315E+7 841088 88461.3
0.5063291139240506329113924051 1.37679E+13 4.35873E+10 1.03347E+12 1.06424E+10 5.45351E+11 6.51396E+9 5.44881E+11 6.51163E+9 1.73465E+9 4.95393E+7 1.53832E+9 4.7367E+7 1.05614E+6 103367
0.6329113924050632911392405063 1.39904E+13 4.42918E+10 1.03531E+12 1.07266E+10 5.47624E+11 6.56338E+9 5.46494E+11 6.55658E+9 1.65571E+9 4.47431E+7 1.44717E+9 4.22188E+7 1.19081E+6 120736
0.7594936708860759493670886076 1.42103E+13 4.49881E+10 1.05815E+12 1.09444E+10 5.58976E+11 6.68238E+9 5.58656E+11 6.68101E+9 1.45329E+9 4.12632E+7 1.27032E+9 3.92853E+7 986117 107269
0.8860759493670886075949367089 1.44266E+13 4.56733E+10 1.0534E+12 1.09945E+10 5.57363E+11 6.70258E+9 5.56327E+11 6.69666E+9 1.35365E+9 3.77199E+7 1.181E+9 3.57848E+7 1.08904E+6 114645
1.012658227848101265822784810 1.46556E+13 4.63979E+10 1.07146E+12 1.11782E+10 5.69075E+11 6.8657E+9 5.68455E+11 6.86203E+9 1.24986E+9 3.50928E+7 1.10026E+9 3.33776E+7 1.18515E+6 117470
1.139240506329113924050632911 1.48761E+13 4.70966E+10 1.08598E+12 1.13227E+10 5.76343E+11 6.93486E+9 5.7579E+11 6.93169E+9 1.24194E+9 3.45233E+7 1.08978E+9 3.28725E+7 1.10178E+6 112085
1.265822784810126582278481013 1.51011E+13 4.7809E+10 1.1068E+12 1.1534E+10 5.81128E+11 7.01869E+9 5.80724E+11 7.01633E+9 1.1982E+9 3.29993E+7 1.06264E+9 3.1629E+7 1.1983E+6 123328
1.392405063291139240506329114 1.53288E+13 4.85299E+10 1.11696E+12 1.1684E+10 5.89707E+11 7.12233E+9 5.89056E+11 7.11838E+9 1.18627E+9 3.32189E+7 1.05576E+9 3.18305E+7 1.18235E+6 123954
1.518987341772151898734177215 1.5554E+13 4.92426E+10 1.13581E+12 1.18642E+10 6.00639E+11 7.24235E+9 5.99947E+11 7.23843E+9 1.07279E+9 3.0354E+7 9.50837E+8 2.90184E+7 1.45549E+6 136686
1.645569620253164556962025316 1.57866E+13 4.99797E+10 1.15189E+12 1.20187E+10 6.09674E+11 7.34578E+9 6.09082E+11 7.34224E+9 1.04524E+9 2.92944E+7 9.19354E+8 2.7725E+7 1.1618E+6 117589
1.772151898734177215189873418 1.60081E+13 5.06811E+10 1.15699E+12 1.21284E+10 6.11825E+11 7.393E+9 6.11092E+11 7.38822E+9 9.64384E+8 2.70506E+7 8.50568E+8 2.58855E+7 1.22182E+6 117345
1.898734177215189873417721519 1.62369E+13 5.14055E+10 1.15287E+12 1.22068E+10 6.06394E+11 7.42554E+9 6.05489E+11 7.41997E+9 9.03744E+8 2.63756E+7 7.81615E+8 2.48316E+7 1.22907E+6 125296
2.025316455696202531645569620 1.64714E+13 5.21476E+10 1.17883E+12 1.24518E+10 6.19769E+11 7.57878E+9 6.18981E+11 7.57393E+9 1.01925E+9 2.78685E+7 8.76334E+8 2.64782E+7 1.46601E+6 135456
2.151898734177215189873417722 1.66997E+13 5.28707E+10 1.19261E+12 1.25857E+10 6.2707E+11 7.64672E+9 6.26442E+11 7.64209E+9 9.12376E+8 2.59028E+7 7.89311E+8 2.45007E+7 1.15084E+6 115823
2.278481012658227848101265823 1.6937E+13 5.36225E+10 1.20953E+12 1.27794E+10 6.45933E+11 7.8596E+9 6.45039E+11 7.85447E+9 8.34136E+8 2.47442E+7 7.33702E+8 2.36324E+7 1.00791E+6 103734
2.405063291139240506329113924 1.71697E+13 5.43593E+10 1.22928E+12 1.29668E+10 6.5319E+11 7.94761E+9 6.52183E+11 7.94058E+9 8.5059E+8 2.44544E+7 7.34854E+8 2.31152E+7 957308 102530
2.531645569620253164556962025 1.7399E+13 5.50852E+10 1.21507E+12 1.29733E+10 6.42203E+11 7.91295E+9 6.41319E+11 7.90853E+9 9.06405E+8 2.49813E+7 7.87652E+8 2.36515E+7 927434 96198.2
2.658227848101265822784810127 1.76358E+13 5.5835E+10 1.22921E+12 1.31353E+10 6.4429E+11 7.98845E+9 6.43283E+11 7.98179E+9 8.08614E+8 2.33501E+7 6.99297E+8 2.20686E+7 979416 158807
2.784810126582278481012658228 1.78741E+13 5.65899E+10 1.25035E+12 1.33498E+10 6.60955E+11 8.15137E+9 6.60186E+11 8.14795E+9 7.89E+8 2.38026E+7 6.93072E+8 2.27088E+7 5.01384E+6 2.11377E+6
2.911392405063291139240506329 1.81112E+13 5.73404E+10 1.26898E+12 1.35256E+10 6.65293E+11 8.22177E+9 6.64415E+11 8.21595E+9 8.85408E+8 2.80099E+7 7.78552E+8 2.67655E+7 1.96169E+7 4.57071E+6
3.037974683544303797468354430 1.83445E+13 5.80797E+10 1.26945E+12 1.36118E+10 6.66405E+11 8.23695E+9 6.65071E+11 8.22819E+9 8.46543E+8 3.0153E+7 7.32796E+8 2.85965E+7 5.68784E+7 8.85803E+6
3.164556962025316455696202532 1.85838E+13 5.88372E+10 1.29991E+12 1.38513E+10 6.87193E+11 8.4522E+9 6.86614E+11 8.44876E+9 9.33081E+8 3.43453E+7 8.08896E+8 3.14214E+7 9.14062E+7 1.23847E+7
3.291139240506329113924050633 1.88197E+13 5.95843E+10 1.287E+12 1.38834E+10 6.80096E+11 8.46875E+9 6.79131E+11 8.46276E+9 1.20101E+9 4.942E+7 1.02963E+9 4.19836E+7 7.05424E+7 1.11831E+7
3.417721518987341772151898734 1.90597E+13 6.03442E+10 1.33223E+12 1.42345E+10 7.02945E+11 8.69025E+9 7.02508E+11 8.68782E+9 1.32198E+9 5.0335E+7 1.16591E+9 4.77691E+7 1.12271E+8 2.03615E+7
3.544303797468354430379746835 1.93071E+13 6.11273E+10 1.33861E+12 1.43308E+10 7.13638E+11 8.80543E+9 7.12995E+11 8.80073E+9 1.32617E+9 4.75687E+7 1.14619E+9 4.47189E+7 7.35952E+7 1.04451E+7
3.670886075949367088607594937 1.95428E+13 6.18736E+10 1.31561E+12 1.43122E+10 7.02703E+11 8.80073E+9 7.02127E+11 8.79756E+9 1.2722E+9 4.06334E+7 1.11151E+9 3.85357E+7 5.32054E+7 6.92351E+6
3.797468354430379746835443038 1.97834E+13 6.26355E+10 1.33019E+12 1.44724E+10 7.02298E+11 8.81955E+9 7.01671E+11 8.81571E+9 1.11516E+9 3.39722E+7 9.66654E+8 3.21423E+7 4.67819E+7 6.07117E+6
3.924050632911392405063291139 2.00227E+13 6.33935E+10 1.3587E+12 1.47199E+10 7.20586E+11 9.02841E+9 7.20268E+11 9.02718E+9 9.23678E+8 2.74905E+7 7.89848E+8 2.59753E+7 4.2129E+7 5.32413E+6
4.050632911392405063291139241 2.02662E+13 6.41644E+10 1.37937E+12 1.49497E+10 7.33221E+11 9.15445E+9 7.31926E+11 9.14648E+9 7.77892E+8 2.1671E+7 6.75618E+8 2.06633E+7 2.26553E+7 3.53759E+6
4.177215189873417721518987342 2.05141E+13 6.49492E+10 1.39241E+12 1.5051E+10 7.36142E+11 9.16893E+9 7.34923E+11 9.1609E+9 6.1237E+8 1.81269E+7 5.24834E+8 1.72038E+7 1.40248E+7 2.57631E+6
4.303797468354430379746835443 2.07578E+13 6.57211E+10 1.39913E+12 1.51922E+10 7.35547E+11 9.2418E+9 7.34426E+11 9.23497E+9 6.11448E+8 1.82886E+7 5.37889E+8 1.76131E+7 1.7871E+7 3.35979E+6
4.430379746835443037974683544 2.09954E+13 6.64735E+10 1.42925E+12 1.54622E+10 7.60831E+11 9.47862E+9 7.59938E+11 9.47267E+9 6.00696E+8 1.77334E+7 5.16836E+8 1.68557E+7 1.5832E+7 2.44054E+6
4.556962025316455696202531646 2.12409E+13 6.72505E+10 1.42835E+12 1.55338E+10 7.62766E+11 9.55779E+9 7.61039E+11 9.54703E+9 5.7056E+8 1.67142E+7 4.95743E+8 1.5942E+7 2.12255E+7 2.85226E+6
4.683544303797468354430379747 2.1484E+13 6.80206E+10 1.45554E+12 1.57781E+10 7.75248E+11 9.67745E+9 7.73875E+11 9.66964E+9 5.61004E+8 1.65988E+7 4.80481E+8 1.57572E+7 2.40909E+7 3.11569E+6
4.810126582278481012658227848 2.17365E+13 6.88202E+10 1.46301E+12 1.59014E+10 7.80802E+11 9.77688E+9 7.79917E+11 9.77165E+9 5.08203E+8 1.51291E+7 4.31217E+8 1.4358E+7 2.34442E+7 2.72113E+6
4.936708860759493670886075949 2.19806E+13 6.9593E+10 1.45836E+12 1.59796E+10 7.7152E+11 9.74529E+9 7.70823E+11 9.74065E+9 4.82686E+8 1.45572E+7 4.02766E+8 1.366E+7 1.79398E+7 2.41231E+6
5.063291139240506329113924051 2.22315E+13 7.03877E+10 1.49966E+12 1.62967E+10 8.00355E+11 1.00222E+10 7.99216E+11 1.00142E+10 4.85449E+8 1.71458E+7 4.1759E+8 1.66595E+7 2.67769E+7 3.21644E+6
5.189873417721518987341772152 2.24723E+13 7.11502E+10 1.48519E+12 1.63297E+10 7.76382E+11 9.88218E+9 7.75463E+11 9.87631E+9 4.6722E+8 1.38428E+7 3.99442E+8 1.31637E+7 2.03006E+7 2.61846E+6
5.316455696202531645569620253 2.272E+13 7.19339E+10 1.48391E+12 1.63944E+10 7.96746E+11 1.01121E+10 7.95819E+11 1.01059E+10 4.51307E+8 1.28037E+7 3.84308E+8 1.21566E+7 1.87667E+7 2.36024E+6
5.443037974683544303797468354 2.2974E+13 7.27386E+10 1.51194E+12 1.66431E+10 8.07847E+11 1.02168E+10 8.07074E+11 1.02119E+10 4.32226E+8 1.23648E+7 3.70694E+8 1.18785E+7 1.51615E+7 2.25506E+6
5.569620253164556962025316456 2.32201E+13 7.35179E+10 1.52144E+12 1.67798E+10 8.03857E+11 1.02412E+10 8.03375E+11 1.02391E+10 3.75736E+8 1.14639E+7 3.15337E+8 1.08509E+7 1.43531E+7 1.97684E+6
5.696202531645569620253164557 2.34674E+13 7.43007E+10 1.54059E+12 1.6982E+10 8.19066E+11 1.04098E+10 8.18016E+11 1.04035E+10 3.61777E+8 1.0434E+7 3.06334E+8 9.94254E+6 1.18412E+7 1.62284E+6
5.822784810126582278481012658 2.37162E+13 7.50886E+10 1.52487E+12 1.69667E+10 7.99167E+11 1.0319E+10 7.97927E+11 1.03123E+10 3.43966E+8 1.05834E+7 2.94752E+8 1.02169E+7 1.1837E+7 2.28806E+6
5.949367088607594936708860759 2.39701E+13 7.58923E+10 1.54834E+12 1.71864E+10 8.32622E+11 1.06356E+10 8.31515E+11 1.06281E+10 3.54493E+8 1.05823E+7 3.00918E+8 1.01188E+7 8.99178E+6 1.51158E+6
6.075949367088607594936708861 2.42176E+13 7.66757E+10 1.57218E+12 1.73949E+10 8.41079E+11 1.06865E+10 8.39881E+11 1.06799E+10 3.52243E+8 9.87887E+6 2.93848E+8 9.34632E+6 1.11433E+7 1.4737E+6
6.202531645569620253164556962 2.44678E+13 7.74679E+10 1.59144E+12 1.76122E+10 8.46793E+11 1.07761E+10 8.45885E+11 1.07696E+10 3.11896E+8 9.09123E+6 2.59147E+8 8.5974E+6 8.86865E+6 1.28147E+6
6.329113924050632911392405063 2.47151E+13 7.82507E+10 1.574E+12 1.76086E+10 8.35709E+11 1.07827E+10 8.33723E+11 1.07695E+10 3.34614E+8 9.10598E+6 2.78547E+8 8.65248E+6 7.27433E+6 979158
6.455696202531645569620253165 2.49608E+13 7.90293E+10 1.59539E+12 1.7818E+10 8.52176E+11 1.09667E+10 8.51183E+11 1.09609E+10 2.98767E+8 8.42907E+6 2.42723E+8 7.89984E+6 9.05082E+6 1.13249E+6
6.582278481012658227848101266 2.52175E+13 7.98414E+10 1.61166E+12 1.80285E+10 8.49561E+11 1.09786E+10 8.48709E+11 1.09732E+10 2.95905E+8 8.16503E+6 2.43091E+8 7.76694E+6 6.549E+6 936131
6.708860759493670886075949367 2.54782E+13 8.06677E+10 1.62043E+12 1.81205E+10 8.68811E+11 1.11811E+10 8.68074E+11 1.11763E+10 2.6394E+8 7.48856E+6 2.12814E+8 7.06939E+6 4.8194E+6 744359
6.835443037974683544303797468 2.57272E+13 8.14561E+10 1.64553E+12 1.83764E+10 8.685E+11 1.11903E+10 8.67308E+11 1.11834E+10 2.69132E+8 7.59034E+6 2.18997E+8 7.19192E+6 5.82128E+6 925462
6.962025316455696202531645570 2.59806E+13 8.22575E+10 1.67604E+12 1.86054E+10 8.99362E+11 1.14805E+10 8.97527E+11 1.14677E+10 2.44868E+8 6.89049E+6 1.94012E+8 6.45169E+6 4.96979E+6 751801
7.088607594936708860759493671 2.62266E+13 8.3037E+10 1.70082E+12 1.88446E+10 9.03873E+11 1.15199E+10 9.03225E+11 1.15159E+10 2.85892E+8 7.64099E+6 2.30921E+8 7.23294E+6 5.52822E+6 1.07736E+6
7.215189873417721518987341772 2.64817E+13 8.38446E+10 1.66622E+12 1.87509E+10 8.89142E+11 1.1516E+10 8.87319E+11 1.15059E+10 2.41393E+8 6.69283E+6 1.9328E+8 6.33795E+6 4.54263E+6 724504
7.341772151898734177215189873 2.67379E+13 8.46555E+10 1.67879E+12 1.8895E+10 8.94368E+11 1.15715E+10 8.92998E+11 1.15629E+10 2.56752E+8 6.9427E+6 2.02799E+8 6.55214E+6 5.51716E+6 853505
7.468354430379746835443037975 2.69861E+13 8.54408E+10 1.69306E+12 1.90761E+10 9.03753E+11 1.17289E+10 9.03059E+11 1.17252E+10 2.79394E+8 7.30597E+6 2.23999E+8 6.95003E+6 6.90614E+6 1.06599E+6
7.594936708860759493670886076 2.72431E+13 8.62549E+10 1.70205E+12 1.92028E+10 9.09134E+11 1.17873E+10 9.08025E+11 1.17792E+10 2.50128E+8 6.95928E+6 1.94612E+8 6.45227E+6 6.68264E+6 1.26908E+6
7.721518987341772151898734177 2.7495E+13 8.70531E+10 1.74849E+12 1.95636E+10 9.17843E+11 1.18711E+10 9.16767E+11 1.18646E+10 2.49856E+8 6.99013E+6 1.9508E+8 6.53081E+6 7.38224E+6 1.23098E+6
7.848101265822784810126582278 2.77448E+13 8.78439E+10 1.73022E+12 1.95568E+10 9.25223E+11 1.20218E+10 9.24179E+11 1.20156E+10 2.62486E+8 7.20718E+6 2.02788E+8 6.69492E+6 5.24413E+6 839145
7.974683544303797468354430380 2.80015E+13 8.86563E+10 1.71444E+12 1.95351E+10 9.02104E+11 1.18915E+10 9.01567E+11 1.18881E+10 2.63301E+8 7.36631E+6 2.0875E+8 6.9427E+6 5.80127E+6 1.03126E+6
8.101265822784810126582278481 2.8251E+13 8.9446E+10 1.79325E+12 2.01176E+10 9.55769E+11 1.23768E+10 9.55055E+11 1.23728E+10 2.39997E+8 7.07931E+6 1.8332E+8 6.587E+6 4.08255E+6 691473
8.227848101265822784810126582 2.85053E+13 9.02505E+10 1.74356E+12 1.98662E+10 9.33025E+11 1.22226E+10 9.32285E+11 1.2217E+10 2.36776E+8 7.22907E+6 1.83894E+8 6.77132E+6 1.70446E+6 400574
8.354430379746835443037974684 2.87738E+13 9.11011E+10 1.76905E+12 2.00771E+10 9.32136E+11 1.22409E+10 9.3136E+11 1.22374E+10 2.83934E+8 8.52414E+6 2.24942E+8 8.04718E+6 1.38027E+6 337168
8.481012658227848101265822785 2.90034E+13 9.18282E+10 1.78794E+12 2.03497E+10 9.50109E+11 1.24652E+10 9.49398E+11 1.24609E+10 2.64263E+8 8.2112E+6 2.03614E+8 7.54996E+6 513886 152720
8.607594936708860759493670886 2.92731E+13 9.26819E+10 1.77931E+12 2.03392E+10 9.6075E+11 1.26086E+10 9.59432E+11 1.26001E+10 2.46826E+8 8.51688E+6 1.91246E+8 7.96443E+6 24763.4 20413.2
8.734177215189873417721518987 2.95262E+13 9.34832E+10 1.81745E+12 2.06612E+10 9.71572E+11 1.2705E+10 9.69739E+11 1.26923E+10 2.48914E+8 8.49596E+6 1.99064E+8 8.13785E+6 36708.4 26544.6
8.860759493670886075949367089 2.97815E+13 9.42912E+10 1.85163E+12 2.09723E+10 9.90988E+11 1.29038E+10 9.89976E+11 1.28968E+10 2.79322E+8 9.49361E+6 2.19894E+8 9.03378E+6 6092.71 4883.16
8.987341772151898734177215190 3.00259E+13 9.5065E+10 1.82603E+12 2.08906E+10 9.74269E+11 1.28142E+10 9.72051E+11 1.28012E+10 3.00991E+8 1.03625E+7 2.29037E+8 9.51121E+6 0 0
9.113924050632911392405063291 3.02841E+13 9.58824E+10 1.84858E+12 2.11025E+10 9.92054E+11 1.29988E+10 9.91108E+11 1.29922E+10 3.23875E+8 1.175E+7 2.5365E+8 1.09865E+7 0 0
9.240506329113924050632911392 3.05344E+13 9.66752E+10 1.85048E+12 2.1229E+10 9.90387E+11 1.3089E+10 9.88357E+11 1.30747E+10 2.86791E+8 1.10602E+7 2.22711E+8 1.02756E+7 0 0
9.367088607594936708860759494 3.08043E+13 9.75291E+10 1.89613E+12 2.15615E+10 1.00688E+12 1.3223E+10 1.00604E+12 1.32176E+10 3.58086E+8 1.29137E+7 2.82785E+8 1.21456E+7 0 0
9.493670886075949367088607595 3.10537E+13 9.83186E+10 1.84835E+12 2.13293E+10 9.80051E+11 1.30071E+10 9.7906E+11 1.30005E+10 3.19577E+8 1.18687E+7 2.50671E+8 1.10594E+7 0 0
9.620253164556962025316455696 3.1305E+13 9.91144E+10 1.89979E+12 2.17504E+10 9.99585E+11 1.32163E+10 9.97866E+11 1.32055E+10 3.45797E+8 1.2724E+7 2.7246E+8 1.19852E+7 0 0
9.746835443037974683544303797 3.15621E+13 9.99278E+10 1.92635E+12 2.20353E+10 1.02721E+12 1.35443E+10 1.02682E+12 1.35419E+10 3.55211E+8 1.36279E+7 2.84882E+8 1.30224E+7 0 0
9.873417721518987341772151899 3.18087E+13 1.00709E+11 1.89915E+12 2.19029E+10 1.0131E+12 1.34346E+10 1.0119E+12 1.34267E+10 3.54437E+8 1.38725E+7 2.81912E+8 1.31791E+7 0 0
10 3.2071E+13 1.01538E+11 1.91365E+12 2.20843E+10 1.01814E+12 1.35433E+10 1.01725E+12 1.35382E+10 3.31369E+8 1.30996E+7 2.56976E+8 1.23298E+7 0 0
