# Instrument-source: 'phonon_Dorothy_modified2.instr'
# Date: Fri Mar 17 11 17 2023
# Ncount: 100000
# Numpoints: 80
# Param: E = 0
# type: multiarray_1d(80)
# title: Scan of E
# xlabel: 'E'
# ylabel: 'Intensity'
# xvars: E
# yvars: (l_monitor_before_mono_I,l_monitor_before_mono_ERR) (l_monitor_after_mono_I,l_monitor_after_mono_ERR) (l_monitor_before_sam_I,l_monitor_before_sam_ERR) (e_monitor_before_sam_I,e_monitor_before_sam_ERR) (psd_monitoraftersample_I,psd_monitoraftersample_ERR) (e_monitor_beforeana_I,e_monitor_beforeana_ERR) (psd_monitor_I,psd_monitor_ERR)
# xlimits: 0 10
# filename: mccode.dat
# variables: E l_monitor_before_mono_I l_monitor_before_mono_ERR l_monitor_after_mono_I l_monitor_after_mono_ERR l_monitor_before_sam_I l_monitor_before_sam_ERR e_monitor_before_sam_I e_monitor_before_sam_ERR psd_monitoraftersample_I psd_monitoraftersample_ERR e_monitor_beforeana_I e_monitor_beforeana_ERR psd_monitor_I psd_monitor_ERR
0 1.28977E+13 4.08318E+10 9.81436E+11 1.00165E+10 5.1992E+11 6.11716E+9 5.19402E+11 6.11388E+9 7.78591E+6 160162 0 0 373131 25525.3
0.1265822784810126582278481013 1.31162E+13 4.15233E+10 1.01189E+12 1.02752E+10 5.34647E+11 6.28147E+9 5.33933E+11 6.27736E+9 8.23318E+6 166934 0 0 381776 25219.1
0.2531645569620253164556962025 1.333E+13 4.22005E+10 1.03349E+12 1.04767E+10 5.49165E+11 6.43364E+9 5.48301E+11 6.42815E+9 8.56733E+6 173406 0 0 320763 22328.8
0.3797468354430379746835443038 1.35528E+13 4.29062E+10 1.02529E+12 1.05097E+10 5.45823E+11 6.43786E+9 5.44737E+11 6.43048E+9 9.25957E+6 183282 0 0 330547 22968.8
0.5063291139240506329113924051 1.37648E+13 4.35776E+10 1.03269E+12 1.06304E+10 5.47336E+11 6.50832E+9 5.46838E+11 6.50559E+9 8.92916E+6 181341 0 0 241484 18969.2
0.6329113924050632911392405063 1.39865E+13 4.42795E+10 1.02626E+12 1.06973E+10 5.39541E+11 6.50793E+9 5.38855E+11 6.50416E+9 8.50688E+6 176728 0 0 224291 17945.6
0.7594936708860759493670886076 1.42065E+13 4.49762E+10 1.04654E+12 1.08795E+10 5.52044E+11 6.61826E+9 5.51607E+11 6.61585E+9 9.30412E+6 189178 0 0 209619 16687.3
0.8860759493670886075949367089 1.44313E+13 4.56875E+10 1.08833E+12 1.11681E+10 5.79423E+11 6.85852E+9 5.78591E+11 6.85368E+9 1.0414E+7 203868 0 0 177715 14962.2
1.012658227848101265822784810 1.46508E+13 4.63831E+10 1.07292E+12 1.11887E+10 5.7068E+11 6.84981E+9 5.69724E+11 6.84406E+9 1.09876E+7 525924 1.06717E+6 493437 118087 11952
1.139240506329113924050632911 1.48753E+13 4.70936E+10 1.0939E+12 1.13796E+10 5.80377E+11 6.99326E+9 5.79954E+11 6.99099E+9 2.99989E+7 4.18751E+6 1.53299E+7 3.90989E+6 81501.9 8904.02
1.265822784810126582278481013 1.51023E+13 4.78127E+10 1.11459E+12 1.15652E+10 5.82539E+11 7.01483E+9 5.82221E+11 7.01288E+9 1.61898E+8 2.0549E+7 1.15987E+8 1.874E+7 1.38372E+7 5.42769E+6
1.392405063291139240506329114 1.53265E+13 4.85226E+10 1.11776E+12 1.16637E+10 5.8523E+11 7.07466E+9 5.84415E+11 7.07028E+9 6.6925E+8 5.13388E+7 5.87505E+8 4.95809E+7 5.32176E+7 1.24964E+7
1.518987341772151898734177215 1.55563E+13 4.92501E+10 1.12446E+12 1.17876E+10 6.01311E+11 7.246E+9 6.00876E+11 7.24335E+9 1.68511E+9 1.05834E+8 1.51867E+9 1.03106E+8 2.23956E+8 3.48244E+7
1.645569620253164556962025316 1.57805E+13 4.99606E+10 1.14912E+12 1.20048E+10 6.12236E+11 7.36827E+9 6.11541E+11 7.36489E+9 1.83494E+9 1.11819E+8 1.65504E+9 1.09581E+8 2.36853E+8 4.15736E+7
1.772151898734177215189873418 1.60096E+13 5.0686E+10 1.16997E+12 1.21999E+10 6.23947E+11 7.49959E+9 6.23416E+11 7.49574E+9 1.425E+9 8.93585E+7 1.28224E+9 8.78588E+7 1.1231E+8 2.18595E+7
1.898734177215189873417721519 1.62414E+13 5.14197E+10 1.16176E+12 1.22521E+10 6.2208E+11 7.53522E+9 6.21437E+11 7.53187E+9 6.2402E+8 3.41283E+7 5.16582E+8 3.18178E+7 3.62602E+7 6.96023E+6
2.025316455696202531645569620 1.64768E+13 5.21654E+10 1.17141E+12 1.23879E+10 6.22755E+11 7.59446E+9 6.22102E+11 7.59117E+9 2.18634E+8 1.47884E+7 1.71717E+8 1.35458E+7 3.13629E+6 1.76356E+6
2.151898734177215189873417722 1.66996E+13 5.28708E+10 1.19878E+12 1.26128E+10 6.35012E+11 7.71991E+9 6.34006E+11 7.71363E+9 7.57789E+7 6.93935E+6 5.21288E+7 6.26043E+6 14702.5 3868.41
2.278481012658227848101265823 1.69342E+13 5.36134E+10 1.20698E+12 1.27477E+10 6.33053E+11 7.74902E+9 6.32018E+11 7.74288E+9 2.73489E+7 2.40606E+6 1.39978E+7 2.27858E+6 11947.4 2716.09
2.405063291139240506329113924 1.71667E+13 5.43499E+10 1.20629E+12 1.28174E+10 6.36676E+11 7.8241E+9 6.35691E+11 7.81891E+9 1.30651E+7 292334 257516 133264 7983.43 1855.06
2.531645569620253164556962025 1.74007E+13 5.50909E+10 1.22588E+12 1.30042E+10 6.55799E+11 8.01112E+9 6.54777E+11 8.00564E+9 2.02465E+7 2.3985E+6 5.71586E+6 2.02264E+6 9147.73 2116.41
2.658227848101265822784810127 1.76341E+13 5.583E+10 1.21764E+12 1.30589E+10 6.45171E+11 7.97157E+9 6.44525E+11 7.96704E+9 7.02059E+7 5.9624E+6 5.31568E+7 5.83927E+6 1.69022E+6 976033
2.784810126582278481012658228 1.78724E+13 5.65849E+10 1.25743E+12 1.336E+10 6.57881E+11 8.09968E+9 6.56787E+11 8.09151E+9 2.37423E+8 1.41502E+7 1.99919E+8 1.354E+7 1.99117E+7 3.80257E+6
2.911392405063291139240506329 1.81065E+13 5.73258E+10 1.27652E+12 1.35592E+10 6.75965E+11 8.31382E+9 6.75025E+11 8.30843E+9 5.03271E+8 1.99907E+7 4.22246E+8 1.87859E+7 2.92654E+7 4.16299E+6
3.037974683544303797468354430 1.83498E+13 5.80957E+10 1.27388E+12 1.36499E+10 6.7969E+11 8.38407E+9 6.78851E+11 8.37808E+9 7.70348E+8 2.49224E+7 6.78654E+8 2.39044E+7 3.94308E+7 4.87728E+6
3.164556962025316455696202532 1.85843E+13 5.88388E+10 1.28989E+12 1.38147E+10 6.80871E+11 8.42754E+9 6.79874E+11 8.42057E+9 8.99899E+8 2.66484E+7 7.78056E+8 2.50977E+7 5.9923E+7 5.99269E+6
3.291139240506329113924050633 1.88185E+13 5.95802E+10 1.29465E+12 1.39278E+10 6.85164E+11 8.51223E+9 6.84178E+11 8.50552E+9 9.63014E+8 2.65983E+7 8.53434E+8 2.53804E+7 6.59065E+7 6.18171E+6
3.417721518987341772151898734 1.90647E+13 6.03601E+10 1.29784E+12 1.40199E+10 6.85093E+11 8.55719E+9 6.84255E+11 8.55142E+9 8.69156E+8 2.43384E+7 7.64125E+8 2.31974E+7 5.29236E+7 4.84204E+6
3.544303797468354430379746835 1.93024E+13 6.11127E+10 1.35483E+12 1.4418E+10 7.09938E+11 8.73008E+9 7.08493E+11 8.72031E+9 8.20366E+8 2.23851E+7 7.19053E+8 2.1361E+7 5.04371E+7 4.86233E+6
3.670886075949367088607594937 1.95465E+13 6.18856E+10 1.35454E+12 1.45329E+10 7.15688E+11 8.8787E+9 7.14206E+11 8.86967E+9 7.15381E+8 1.9622E+7 6.16093E+8 1.85031E+7 4.08437E+7 3.75845E+6
3.797468354430379746835443038 1.97852E+13 6.26415E+10 1.35954E+12 1.46263E+10 7.22924E+11 8.95103E+9 7.22338E+11 8.94734E+9 6.1906E+8 1.74186E+7 5.33852E+8 1.6473E+7 3.02869E+7 3.19646E+6
3.924050632911392405063291139 2.00244E+13 6.3399E+10 1.37349E+12 1.48001E+10 7.27563E+11 9.06769E+9 7.25992E+11 9.05686E+9 4.70433E+8 1.5003E+7 4.09417E+8 1.43301E+7 1.71201E+7 2.16516E+6
4.050632911392405063291139241 2.0268E+13 6.41699E+10 1.35909E+12 1.47932E+10 7.29214E+11 9.11442E+9 7.28492E+11 9.10998E+9 3.31766E+8 1.14192E+7 2.77822E+8 1.07811E+7 1.10409E+7 1.57689E+6
4.177215189873417721518987342 2.05108E+13 6.49392E+10 1.39908E+12 1.51169E+10 7.46444E+11 9.29607E+9 7.45511E+11 9.28934E+9 1.76385E+8 7.21322E+6 1.41262E+8 6.80751E+6 5.91223E+6 1.08673E+6
4.303797468354430379746835443 2.0754E+13 6.57092E+10 1.39354E+12 1.51648E+10 7.37609E+11 9.24769E+9 7.36803E+11 9.24201E+9 8.17279E+7 3.59289E+6 5.61819E+7 3.32683E+6 2.39328E+6 613389
4.430379746835443037974683544 2.10034E+13 6.64983E+10 1.42724E+12 1.54581E+10 7.55487E+11 9.4358E+9 7.53839E+11 9.42681E+9 8.60303E+7 3.59143E+6 5.82763E+7 3.27136E+6 4.05487E+6 865879
4.556962025316455696202531646 2.1243E+13 6.72571E+10 1.43195E+12 1.55381E+10 7.62433E+11 9.52514E+9 7.61868E+11 9.52139E+9 1.56266E+8 6.09255E+6 1.25753E+8 5.81229E+6 8.81187E+6 1.44831E+6
4.683544303797468354430379747 2.14866E+13 6.80288E+10 1.44571E+12 1.57397E+10 7.62997E+11 9.57613E+9 7.62103E+11 9.56947E+9 2.29232E+8 7.82062E+6 1.86853E+8 7.37947E+6 9.92038E+6 1.48748E+6
4.810126582278481012658227848 2.17326E+13 6.88073E+10 1.48272E+12 1.6023E+10 7.89115E+11 9.81539E+9 7.88919E+11 9.81462E+9 3.75497E+8 1.0635E+7 3.25753E+8 1.02649E+7 1.2267E+7 1.74504E+6
4.936708860759493670886075949 2.19781E+13 6.95852E+10 1.48997E+12 1.61434E+10 7.88246E+11 9.85894E+9 7.86755E+11 9.84828E+9 4.36695E+8 1.13657E+7 3.64372E+8 1.06318E+7 1.37657E+7 1.51254E+6
5.063291139240506329113924051 2.22297E+13 7.03818E+10 1.50362E+12 1.63127E+10 7.94426E+11 9.96814E+9 7.93192E+11 9.95882E+9 4.16243E+8 1.07173E+7 3.61699E+8 1.02866E+7 1.38081E+7 1.55084E+6
5.189873417721518987341772152 2.24752E+13 7.11595E+10 1.49707E+12 1.63804E+10 7.87302E+11 9.95963E+9 7.86464E+11 9.95455E+9 4.77189E+8 1.14595E+7 4.06297E+8 1.08816E+7 1.43164E+7 1.47079E+6
5.316455696202531645569620253 2.2724E+13 7.19465E+10 1.51497E+12 1.65812E+10 8.09044E+11 1.01909E+10 8.07899E+11 1.01828E+10 4.2407E+8 1.03386E+7 3.5815E+8 9.76353E+6 1.1289E+7 1.32132E+6
5.443037974683544303797468354 2.29696E+13 7.27244E+10 1.52246E+12 1.67125E+10 8.12981E+11 1.02958E+10 8.12626E+11 1.0294E+10 3.88224E+8 9.83327E+6 3.2342E+8 9.26664E+6 1.17273E+7 1.41945E+6
5.569620253164556962025316456 2.32212E+13 7.35213E+10 1.51657E+12 1.67403E+10 8.04846E+11 1.0243E+10 8.03753E+11 1.02358E+10 4.22897E+8 1.08856E+7 3.56507E+8 1.04088E+7 1.10384E+7 1.2448E+6
5.696202531645569620253164557 2.34642E+13 7.4291E+10 1.53425E+12 1.69102E+10 8.2121E+11 1.04053E+10 8.20724E+11 1.04031E+10 4.11449E+8 9.5486E+6 3.48962E+8 9.11062E+6 9.70244E+6 1.10667E+6
5.822784810126582278481012658 2.37276E+13 7.51241E+10 1.56977E+12 1.72353E+10 8.38914E+11 1.05715E+10 8.37737E+11 1.05647E+10 3.5899E+8 8.78805E+6 2.98396E+8 8.27699E+6 7.76966E+6 1.03353E+6
5.949367088607594936708860759 2.39661E+13 7.58795E+10 1.56627E+12 1.73102E+10 8.36327E+11 1.06355E+10 8.34436E+11 1.06235E+10 3.35633E+8 8.34197E+6 2.80456E+8 7.88181E+6 7.52311E+6 947832
6.075949367088607594936708861 2.42244E+13 7.6698E+10 1.59773E+12 1.75767E+10 8.49044E+11 1.07748E+10 8.47757E+11 1.07667E+10 3.41909E+8 8.33994E+6 2.80598E+8 7.84893E+6 6.84481E+6 790736
6.202531645569620253164556962 2.44695E+13 7.74733E+10 1.60458E+12 1.76846E+10 8.50755E+11 1.08111E+10 8.49453E+11 1.08018E+10 3.26821E+8 8.08415E+6 2.70347E+8 7.67443E+6 5.58939E+6 744413
6.329113924050632911392405063 2.47192E+13 7.8264E+10 1.63175E+12 1.79318E+10 8.63595E+11 1.09268E+10 8.62176E+11 1.09175E+10 3.11492E+8 7.97384E+6 2.55678E+8 7.51871E+6 5.95295E+6 739396
6.455696202531645569620253165 2.49752E+13 7.90743E+10 1.60725E+12 1.78913E+10 8.50551E+11 1.09398E+10 8.48799E+11 1.0928E+10 2.75797E+8 7.41899E+6 2.22496E+8 6.97256E+6 4.25003E+6 609947
6.582278481012658227848101266 2.52152E+13 7.9835E+10 1.62381E+12 1.80746E+10 8.55778E+11 1.10002E+10 8.55259E+11 1.0996E+10 2.56703E+8 6.89493E+6 2.09552E+8 6.54974E+6 4.6853E+6 599562
6.708860759493670886075949367 2.54751E+13 8.06577E+10 1.63077E+12 1.8178E+10 8.66554E+11 1.11574E+10 8.65176E+11 1.11487E+10 2.70581E+8 7.1632E+6 2.16317E+8 6.71774E+6 4.64552E+6 605305
6.835443037974683544303797468 2.57272E+13 8.14557E+10 1.65131E+12 1.84013E+10 8.86012E+11 1.13441E+10 8.85143E+11 1.13397E+10 2.5364E+8 6.92845E+6 2.04293E+8 6.55161E+6 3.92157E+6 566672
6.962025316455696202531645570 2.59853E+13 8.2273E+10 1.62023E+12 1.82713E+10 8.60855E+11 1.12186E+10 8.59609E+11 1.12098E+10 2.28687E+8 6.66552E+6 1.81798E+8 6.22399E+6 3.53856E+6 518863
7.088607594936708860759493671 2.6222E+13 8.30229E+10 1.64085E+12 1.85373E+10 8.74162E+11 1.13736E+10 8.73439E+11 1.13697E+10 2.60742E+8 7.18576E+6 2.08732E+8 6.73071E+6 3.05264E+6 513631
7.215189873417721518987341772 2.64869E+13 8.38605E+10 1.64927E+12 1.86259E+10 8.75705E+11 1.14135E+10 8.75113E+11 1.14109E+10 2.65894E+8 7.17293E+6 2.13428E+8 6.76729E+6 2.50085E+6 454743
7.341772151898734177215189873 2.67425E+13 8.46701E+10 1.64292E+12 1.87251E+10 8.75393E+11 1.1528E+10 8.74316E+11 1.15188E+10 2.37175E+8 6.58297E+6 1.86877E+8 6.12575E+6 2.82574E+6 491232
7.468354430379746835443037975 2.69865E+13 8.54424E+10 1.69978E+12 1.91383E+10 9.12302E+11 1.17984E+10 9.11121E+11 1.17911E+10 2.48162E+8 6.70138E+6 1.96639E+8 6.26484E+6 2.09128E+6 419340
7.594936708860759493670886076 2.72396E+13 8.62438E+10 1.7128E+12 1.92803E+10 9.11622E+11 1.18134E+10 9.10197E+11 1.18046E+10 2.31737E+8 6.29203E+6 1.8473E+8 5.92059E+6 2.34907E+6 399273
7.721518987341772151898734177 2.7493E+13 8.70469E+10 1.7312E+12 1.94856E+10 9.25211E+11 1.19992E+10 9.24459E+11 1.1995E+10 2.14682E+8 5.95828E+6 1.67526E+8 5.57233E+6 2.02906E+6 357677
7.848101265822784810126582278 2.7745E+13 8.78444E+10 1.71048E+12 1.94376E+10 9.00281E+11 1.18267E+10 8.99707E+11 1.18226E+10 2.15911E+8 5.75742E+6 1.67531E+8 5.36146E+6 2.19448E+6 386370
7.974683544303797468354430380 2.80104E+13 8.86844E+10 1.73568E+12 1.96674E+10 9.11877E+11 1.19418E+10 9.10331E+11 1.19295E+10 2.45402E+8 6.33123E+6 1.93862E+8 5.95585E+6 1.77301E+6 322854
8.101265822784810126582278481 2.82612E+13 8.94784E+10 1.76219E+12 1.99177E+10 9.34884E+11 1.21354E+10 9.32884E+11 1.21215E+10 2.18549E+8 5.79427E+6 1.64947E+8 5.37006E+6 1.50646E+6 314341
8.227848101265822784810126582 2.85045E+13 9.02487E+10 1.7764E+12 2.00867E+10 9.421E+11 1.23018E+10 9.40769E+11 1.22936E+10 2.12381E+8 5.69599E+6 1.64267E+8 5.33194E+6 1.45852E+6 322374
8.354430379746835443037974684 2.87572E+13 9.10485E+10 1.80873E+12 2.03605E+10 9.71721E+11 1.25583E+10 9.69704E+11 1.25435E+10 2.26244E+8 5.77734E+6 1.73079E+8 5.41187E+6 1.39934E+6 274349
8.481012658227848101265822785 2.90226E+13 9.18887E+10 1.80403E+12 2.04536E+10 9.61534E+11 1.25229E+10 9.60732E+11 1.25184E+10 2.10099E+8 5.37724E+6 1.59239E+8 4.96801E+6 1.24691E+6 248660
8.607594936708860759493670886 2.92766E+13 9.26932E+10 1.7778E+12 2.03654E+10 9.58372E+11 1.26044E+10 9.57117E+11 1.25942E+10 2.20476E+8 5.51015E+6 1.69081E+8 5.10057E+6 1.43514E+6 276215
8.734177215189873417721518987 2.9528E+13 9.34886E+10 1.79856E+12 2.05742E+10 9.6686E+11 1.27214E+10 9.65983E+11 1.27145E+10 2.22473E+8 5.51006E+6 1.66738E+8 5.07933E+6 1.11938E+6 241386
8.860759493670886075949367089 2.97775E+13 9.42785E+10 1.81241E+12 2.07303E+10 9.57282E+11 1.26038E+10 9.55696E+11 1.25928E+10 1.8358E+8 4.82998E+6 1.36409E+8 4.44813E+6 904154 193172
8.987341772151898734177215190 3.00326E+13 9.50861E+10 1.81133E+12 2.08205E+10 9.68072E+11 1.2831E+10 9.66622E+11 1.28204E+10 2.115E+8 5.25662E+6 1.53588E+8 4.78203E+6 726883 195864
9.113924050632911392405063291 3.02854E+13 9.58867E+10 1.85127E+12 2.11219E+10 9.88681E+11 1.29959E+10 9.87368E+11 1.29846E+10 1.92911E+8 4.94829E+6 1.42957E+8 4.56001E+6 940029 194452
9.240506329113924050632911392 3.05395E+13 9.66912E+10 1.89736E+12 2.15075E+10 1.00776E+12 1.31758E+10 1.00647E+12 1.31677E+10 1.9679E+8 4.94035E+6 1.40179E+8 4.47555E+6 776204 183258
9.367088607594936708860759494 3.0791E+13 9.74866E+10 1.87019E+12 2.14322E+10 9.99865E+11 1.32039E+10 9.98182E+11 1.3193E+10 1.72347E+8 4.58561E+6 1.25226E+8 4.20363E+6 722058 155927
9.493670886075949367088607595 3.10515E+13 9.83114E+10 1.88829E+12 2.1605E+10 9.99566E+11 1.319E+10 9.98583E+11 1.31834E+10 1.65561E+8 4.43439E+6 1.18668E+8 4.01296E+6 577581 139620
9.620253164556962025316455696 3.13073E+13 9.91213E+10 1.88342E+12 2.16799E+10 1.00746E+12 1.33391E+10 1.00611E+12 1.33289E+10 1.73436E+8 4.40283E+6 1.22381E+8 3.97222E+6 555235 139488
9.746835443037974683544303797 3.15556E+13 9.99074E+10 1.88013E+12 2.17084E+10 1.01364E+12 1.3423E+10 1.01256E+12 1.3416E+10 1.70143E+8 4.4069E+6 1.1944E+8 3.94334E+6 427106 111801
9.873417721518987341772151899 3.18087E+13 1.00709E+11 1.92916E+12 2.2112E+10 1.02529E+12 1.3532E+10 1.02436E+12 1.35251E+10 1.70081E+8 4.24532E+6 1.18556E+8 3.76123E+6 450793 138113
10 3.2065E+13 1.0152E+11 1.88686E+12 2.19643E+10 1.00576E+12 1.3479E+10 1.00421E+12 1.34668E+10 1.73407E+8 4.34163E+6 1.21964E+8 3.86095E+6 422968 110410
