# Instrument-source: 'phonon_Dorothy_modified2.instr'
# Date: Mon Mar 13 11 47 2023
# Ncount: 100000
# Numpoints: 80
# Param: E = 0
# type: multiarray_1d(80)
# title: Scan of E
# xlabel: 'E'
# ylabel: 'Intensity'
# xvars: E
# yvars: (l_monitor_before_mono_I,l_monitor_before_mono_ERR) (l_monitor_after_mono_I,l_monitor_after_mono_ERR) (l_monitor_before_sam_I,l_monitor_before_sam_ERR) (e_monitor_before_sam_I,e_monitor_before_sam_ERR) (psd_monitoraftersample_I,psd_monitoraftersample_ERR) (e_monitor_beforeana_I,e_monitor_beforeana_ERR) (psd_monitor_I,psd_monitor_ERR)
# xlimits: 0 10
# filename: mccode.dat
# variables: E l_monitor_before_mono_I l_monitor_before_mono_ERR l_monitor_after_mono_I l_monitor_after_mono_ERR l_monitor_before_sam_I l_monitor_before_sam_ERR e_monitor_before_sam_I e_monitor_before_sam_ERR psd_monitoraftersample_I psd_monitoraftersample_ERR e_monitor_beforeana_I e_monitor_beforeana_ERR psd_monitor_I psd_monitor_ERR
0 1.29015E+13 4.08437E+10 9.79978E+11 1.00398E+10 5.16501E+11 6.13327E+9 5.16071E+11 6.13135E+9 5.76764E+7 1.48406E+7 4.37151E+7 1.45661E+7 1.86064E+7 9.67989E+6
0.1265822784810126582278481013 1.31147E+13 4.15188E+10 9.91577E+11 1.01741E+10 5.22681E+11 6.19656E+9 5.22229E+11 6.1937E+9 8.3036E+8 1.05423E+8 7.36215E+8 1.01031E+8 7.63254E+7 3.84781E+7
0.2531645569620253164556962025 1.33301E+13 4.22007E+10 1.01949E+12 1.04122E+10 5.33651E+11 6.31205E+9 5.33256E+11 6.30948E+9 3.50748E+9 2.84842E+8 3.12946E+9 2.74352E+8 4.08282E+8 1.04471E+8
0.3797468354430379746835443038 1.35487E+13 4.28927E+10 1.01598E+12 1.04627E+10 5.43621E+11 6.4381E+9 5.43204E+11 6.43534E+9 7.77068E+9 4.94867E+8 6.67368E+9 4.67532E+8 1.19887E+9 2.13455E+8
0.5063291139240506329113924051 1.37635E+13 4.35737E+10 1.03302E+12 1.06218E+10 5.42873E+11 6.45742E+9 5.41907E+11 6.45115E+9 1.24987E+10 6.45617E+8 1.12637E+10 6.23735E+8 1.24039E+9 1.76461E+8
0.6329113924050632911392405063 1.39893E+13 4.42884E+10 1.04637E+12 1.07888E+10 5.50444E+11 6.56478E+9 5.49317E+11 6.55806E+9 1.53497E+10 7.56093E+8 1.32784E+10 7.16581E+8 1.01853E+9 1.79739E+8
0.7594936708860759493670886076 1.42095E+13 4.49855E+10 1.05201E+12 1.09088E+10 5.56742E+11 6.66578E+9 5.5632E+11 6.66322E+9 1.96517E+10 8.91521E+8 1.78056E+10 8.58865E+8 1.53176E+9 1.95962E+8
0.8860759493670886075949367089 1.44302E+13 4.56842E+10 1.06655E+12 1.10684E+10 5.63377E+11 6.74522E+9 5.62778E+11 6.74185E+9 2.37091E+10 9.20455E+8 2.19836E+10 8.98492E+8 1.42073E+9 1.9141E+8
1.012658227848101265822784810 1.46545E+13 4.63949E+10 1.07757E+12 1.12122E+10 5.76149E+11 6.90669E+9 5.75648E+11 6.90453E+9 2.47758E+10 8.81467E+8 2.1947E+10 8.39605E+8 1.38758E+9 1.78897E+8
1.139240506329113924050632911 1.48779E+13 4.71023E+10 1.07713E+12 1.12822E+10 5.64125E+11 6.85875E+9 5.63092E+11 6.85289E+9 2.41585E+10 8.1309E+8 2.14775E+10 7.77604E+8 1.39375E+9 1.92514E+8
1.265822784810126582278481013 1.51015E+13 4.78103E+10 1.08288E+12 1.14108E+10 5.75244E+11 6.99187E+9 5.74531E+11 6.98791E+9 2.09493E+10 7.19553E+8 1.85173E+10 6.86017E+8 6.54332E+8 1.18085E+8
1.392405063291139240506329114 1.53253E+13 4.8519E+10 1.11016E+12 1.16564E+10 5.82797E+11 7.09195E+9 5.82107E+11 7.08779E+9 1.76923E+10 5.73286E+8 1.55357E+10 5.40279E+8 3.30199E+8 7.2546E+7
1.518987341772151898734177215 1.55528E+13 4.92392E+10 1.14084E+12 1.18795E+10 6.00764E+11 7.23417E+9 6.00046E+11 7.23013E+9 1.61479E+10 4.97567E+8 1.43608E+10 4.70806E+8 2.48258E+8 4.22306E+7
1.645569620253164556962025316 1.57841E+13 4.99717E+10 1.133E+12 1.1932E+10 6.01338E+11 7.29165E+9 6.00696E+11 7.28776E+9 1.32873E+10 4.03971E+8 1.19404E+10 3.87033E+8 1.44238E+8 2.76044E+7
1.772151898734177215189873418 1.60072E+13 5.06781E+10 1.15523E+12 1.21411E+10 6.10293E+11 7.41461E+9 6.09712E+11 7.41142E+9 1.12391E+10 3.49345E+8 1.00296E+10 3.33807E+8 5.926E+7 1.44947E+7
1.898734177215189873417721519 1.62402E+13 5.14161E+10 1.17342E+12 1.23216E+10 6.19904E+11 7.52373E+9 6.18829E+11 7.51671E+9 1.0178E+10 3.19101E+8 9.06484E+9 3.0311E+8 1.86701E+7 6.81844E+6
2.025316455696202531645569620 1.64693E+13 5.21414E+10 1.16696E+12 1.23756E+10 6.19264E+11 7.58084E+9 6.18742E+11 7.57751E+9 7.95343E+9 2.5022E+8 6.91783E+9 2.36854E+8 4.98368E+6 2.95029E+6
2.151898734177215189873417722 1.67025E+13 5.28797E+10 1.19151E+12 1.25825E+10 6.31076E+11 7.69521E+9 6.30596E+11 7.69214E+9 8.4167E+9 2.47307E+8 7.53052E+9 2.36226E+8 9.81878E+6 3.85754E+6
2.278481012658227848101265823 1.69338E+13 5.36125E+10 1.21031E+12 1.27728E+10 6.32449E+11 7.73873E+9 6.30936E+11 7.72894E+9 7.48074E+9 2.22167E+8 6.46755E+9 2.08335E+8 2.4912E+6 1.65779E+6
2.405063291139240506329113924 1.71652E+13 5.43448E+10 1.21707E+12 1.29124E+10 6.46428E+11 7.91527E+9 6.45776E+11 7.91223E+9 6.38493E+9 1.94255E+8 5.66064E+9 1.85358E+8 2466.81 1282.2
2.531645569620253164556962025 1.74032E+13 5.50986E+10 1.2386E+12 1.30801E+10 6.55392E+11 7.97465E+9 6.54584E+11 7.97E+9 5.61516E+9 1.75319E+8 4.88322E+9 1.65627E+8 2202.19 1222
2.658227848101265822784810127 1.7639E+13 5.58454E+10 1.24011E+12 1.31828E+10 6.56973E+11 8.07615E+9 6.56067E+11 8.06993E+9 4.90911E+9 1.56788E+8 4.38494E+9 1.49649E+8 465.355 291.014
2.784810126582278481012658228 1.78733E+13 5.65873E+10 1.24936E+12 1.33395E+10 6.61524E+11 8.15644E+9 6.6054E+11 8.15123E+9 4.77012E+9 1.4738E+8 4.19574E+9 1.39561E+8 833.928 593.607
2.911392405063291139240506329 1.81064E+13 5.73253E+10 1.27184E+12 1.35188E+10 6.79713E+11 8.33163E+9 6.78754E+11 8.32614E+9 4.82156E+9 1.45314E+8 4.24523E+9 1.37929E+8 0 0
3.037974683544303797468354430 1.8346E+13 5.80841E+10 1.26845E+12 1.3596E+10 6.70095E+11 8.31433E+9 6.69543E+11 8.31128E+9 3.99086E+9 1.24128E+8 3.47311E+9 1.17375E+8 613.438 613.438
3.164556962025316455696202532 1.85876E+13 5.88492E+10 1.30005E+12 1.3859E+10 6.84672E+11 8.42375E+9 6.83825E+11 8.41904E+9 4.43E+9 1.31423E+8 4.00279E+9 1.26769E+8 595.124 595.124
3.291139240506329113924050633 1.88231E+13 5.9595E+10 1.29798E+12 1.39355E+10 6.86122E+11 8.48748E+9 6.85592E+11 8.48486E+9 3.59001E+9 1.1289E+8 3.18284E+9 1.07149E+8 130.009 130.009
3.417721518987341772151898734 1.90629E+13 6.03545E+10 1.32147E+12 1.41538E+10 7.06227E+11 8.68881E+9 7.05366E+11 8.68281E+9 3.46223E+9 1.09194E+8 3.09563E+9 1.04521E+8 0 0
3.544303797468354430379746835 1.93007E+13 6.11072E+10 1.32008E+12 1.42142E+10 7.0685E+11 8.73363E+9 7.05888E+11 8.72691E+9 3.3195E+9 1.03609E+8 2.94142E+9 9.88236E+7 0 0
3.670886075949367088607594937 1.95432E+13 6.18753E+10 1.31197E+12 1.42605E+10 7.00751E+11 8.75374E+9 6.99827E+11 8.74764E+9 3.02959E+9 9.7624E+7 2.67331E+9 9.26891E+7 0 0
3.797468354430379746835443038 1.97853E+13 6.26416E+10 1.35131E+12 1.45904E+10 7.12751E+11 8.89673E+9 7.12464E+11 8.89561E+9 2.8124E+9 9.0511E+7 2.51732E+9 8.71272E+7 0 0
3.924050632911392405063291139 2.0022E+13 6.33911E+10 1.36531E+12 1.47578E+10 7.20944E+11 9.00061E+9 7.20183E+11 8.99709E+9 2.79077E+9 8.74965E+7 2.46488E+9 8.36456E+7 0 0
4.050632911392405063291139241 2.02669E+13 6.41666E+10 1.36944E+12 1.48631E+10 7.31616E+11 9.14493E+9 7.30879E+11 9.13979E+9 2.5572E+9 8.22176E+7 2.25589E+9 7.83644E+7 0 0
4.177215189873417721518987342 2.05135E+13 6.49473E+10 1.37602E+12 1.49911E+10 7.23445E+11 9.11146E+9 7.23228E+11 9.11022E+9 2.27844E+9 7.57884E+7 2.00008E+9 7.17001E+7 0 0
4.303797468354430379746835443 2.07522E+13 6.5703E+10 1.41481E+12 1.52888E+10 7.56902E+11 9.39257E+9 7.56117E+11 9.38789E+9 2.1941E+9 7.18799E+7 1.89888E+9 6.77443E+7 0 0
4.430379746835443037974683544 2.09986E+13 6.64839E+10 1.40993E+12 1.53417E+10 7.56511E+11 9.45586E+9 7.55776E+11 9.45117E+9 2.13692E+9 7.22855E+7 1.85085E+9 6.80662E+7 0 0
4.556962025316455696202531646 2.12467E+13 6.7269E+10 1.44544E+12 1.56333E+10 7.69254E+11 9.60004E+9 7.68147E+11 9.59439E+9 2.27163E+9 7.14757E+7 1.99439E+9 6.79893E+7 0 0
4.683544303797468354430379747 2.14888E+13 6.80354E+10 1.42994E+12 1.56407E+10 7.62366E+11 9.60568E+9 7.61434E+11 9.5986E+9 2.26844E+9 7.12553E+7 2.01611E+9 6.81979E+7 0 0
4.810126582278481012658227848 2.17327E+13 6.88084E+10 1.44894E+12 1.5822E+10 7.65613E+11 9.63471E+9 7.64959E+11 9.63139E+9 2.03169E+9 6.5094E+7 1.78368E+9 6.1883E+7 0 0
4.936708860759493670886075949 2.19854E+13 6.96081E+10 1.43826E+12 1.58618E+10 7.63255E+11 9.69916E+9 7.62227E+11 9.69182E+9 1.87542E+9 6.21495E+7 1.65435E+9 5.92053E+7 0 0
5.063291139240506329113924051 2.2231E+13 7.03857E+10 1.46859E+12 1.61189E+10 7.76126E+11 9.85621E+9 7.75029E+11 9.84904E+9 1.80033E+9 5.97521E+7 1.54566E+9 5.60914E+7 0 0
5.189873417721518987341772152 2.24795E+13 7.11723E+10 1.4923E+12 1.63371E+10 8.02797E+11 1.00589E+10 8.0202E+11 1.00539E+10 1.85156E+9 5.90589E+7 1.63091E+9 5.63711E+7 0 0
5.316455696202531645569620253 2.27193E+13 7.19315E+10 1.52961E+12 1.6645E+10 8.0455E+11 1.01191E+10 8.03154E+11 1.01101E+10 1.76826E+9 5.80667E+7 1.54532E+9 5.49768E+7 0 0
5.443037974683544303797468354 2.29743E+13 7.274E+10 1.50902E+12 1.66314E+10 8.00573E+11 1.01824E+10 7.99456E+11 1.01761E+10 1.65079E+9 5.4425E+7 1.44314E+9 5.16176E+7 0 0
5.569620253164556962025316456 2.32155E+13 7.3503E+10 1.52016E+12 1.67554E+10 7.98373E+11 1.01678E+10 7.97556E+11 1.01624E+10 1.66935E+9 5.35054E+7 1.46863E+9 5.10531E+7 0 0
5.696202531645569620253164557 2.34684E+13 7.43033E+10 1.55398E+12 1.70414E+10 8.21408E+11 1.03953E+10 8.2028E+11 1.03873E+10 1.36813E+9 4.63105E+7 1.19394E+9 4.40383E+7 0 0
5.822784810126582278481012658 2.37201E+13 7.5101E+10 1.53245E+12 1.70125E+10 8.16161E+11 1.04181E+10 8.14726E+11 1.04082E+10 1.43522E+9 4.85659E+7 1.23785E+9 4.58395E+7 0 0
5.949367088607594936708860759 2.39743E+13 7.59055E+10 1.55439E+12 1.72133E+10 8.2231E+11 1.04867E+10 8.21615E+11 1.04834E+10 1.42041E+9 4.72633E+7 1.24203E+9 4.50265E+7 0 0
6.075949367088607594936708861 2.42114E+13 7.66562E+10 1.57317E+12 1.73795E+10 8.41014E+11 1.06532E+10 8.39484E+11 1.06437E+10 1.52529E+9 5.0032E+7 1.29718E+9 4.68972E+7 0 0
6.202531645569620253164556962 2.44676E+13 7.74675E+10 1.59773E+12 1.76381E+10 8.55957E+11 1.08681E+10 8.53896E+11 1.08561E+10 1.28318E+9 4.68404E+7 1.11E+9 4.42436E+7 0 0
6.329113924050632911392405063 2.47145E+13 7.82495E+10 1.58371E+12 1.76774E+10 8.3905E+11 1.0822E+10 8.37943E+11 1.08143E+10 1.1891E+9 4.24717E+7 1.04422E+9 4.055E+7 0 0
6.455696202531645569620253165 2.49736E+13 7.90696E+10 1.58593E+12 1.77732E+10 8.4073E+11 1.08457E+10 8.39422E+11 1.08374E+10 1.32936E+9 4.57272E+7 1.13966E+9 4.32456E+7 0 0
6.582278481012658227848101266 2.52206E+13 7.98515E+10 1.58463E+12 1.78428E+10 8.44294E+11 1.09207E+10 8.43191E+11 1.09134E+10 1.14031E+9 4.30016E+7 9.96104E+8 4.09878E+7 0 0
6.708860759493670886075949367 2.54786E+13 8.06686E+10 1.62475E+12 1.81356E+10 8.68305E+11 1.11443E+10 8.67093E+11 1.11356E+10 1.23213E+9 4.48387E+7 1.05573E+9 4.21528E+7 0 0
6.835443037974683544303797468 2.57273E+13 8.14562E+10 1.67402E+12 1.84958E+10 8.91037E+11 1.13615E+10 8.90076E+11 1.13557E+10 1.23357E+9 4.24383E+7 1.04266E+9 3.947E+7 0 0
6.962025316455696202531645570 2.59833E+13 8.22662E+10 1.627E+12 1.83213E+10 8.70524E+11 1.12693E+10 8.69813E+11 1.12643E+10 1.27236E+9 4.56409E+7 1.12649E+9 4.40625E+7 0 0
7.088607594936708860759493671 2.62236E+13 8.30275E+10 1.64753E+12 1.85621E+10 8.77329E+11 1.13893E+10 8.7652E+11 1.13848E+10 1.10607E+9 4.1927E+7 9.71264E+8 4.02908E+7 0 0
7.215189873417721518987341772 2.64729E+13 8.38167E+10 1.68874E+12 1.88596E+10 8.96412E+11 1.15277E+10 8.94613E+11 1.15144E+10 1.07265E+9 3.96147E+7 9.32156E+8 3.79904E+7 0 0
7.341772151898734177215189873 2.6739E+13 8.46592E+10 1.69788E+12 1.90263E+10 8.99398E+11 1.16219E+10 8.9826E+11 1.16142E+10 9.6205E+8 3.80538E+7 8.35411E+8 3.63604E+7 0 0
7.468354430379746835443037975 2.69881E+13 8.54478E+10 1.67554E+12 1.89603E+10 8.86845E+11 1.15499E+10 8.85836E+11 1.15423E+10 1.02035E+9 3.78599E+7 8.82057E+8 3.59523E+7 0 0
7.594936708860759493670886076 2.72444E+13 8.6259E+10 1.70151E+12 1.92187E+10 9.05143E+11 1.17919E+10 9.03985E+11 1.17828E+10 9.59779E+8 3.72316E+7 8.27444E+8 3.51131E+7 0 0
7.721518987341772151898734177 2.74953E+13 8.70535E+10 1.72814E+12 1.94434E+10 9.27541E+11 1.19822E+10 9.26122E+11 1.1973E+10 1.128E+9 4.04861E+7 9.7011E+8 3.84197E+7 0 0
7.848101265822784810126582278 2.77495E+13 8.78579E+10 1.70616E+12 1.94187E+10 9.03971E+11 1.18374E+10 9.02786E+11 1.18304E+10 8.28883E+8 3.42752E+7 7.08724E+8 3.27022E+7 0 0
7.974683544303797468354430380 2.79936E+13 8.86314E+10 1.74056E+12 1.96719E+10 9.23696E+11 1.20261E+10 9.22538E+11 1.20188E+10 9.8513E+8 3.57647E+7 8.34765E+8 3.36512E+7 0 0
8.101265822784810126582278481 2.8257E+13 8.94648E+10 1.76508E+12 1.99515E+10 9.30465E+11 1.21557E+10 9.29527E+11 1.2151E+10 1.07591E+9 3.83293E+7 9.25206E+8 3.64163E+7 0 0
8.227848101265822784810126582 2.85057E+13 9.02523E+10 1.80067E+12 2.02131E+10 9.61552E+11 1.24354E+10 9.60843E+11 1.24311E+10 1.02361E+9 3.66793E+7 8.74215E+8 3.47352E+7 0 0
8.354430379746835443037974684 2.87674E+13 9.10808E+10 1.76207E+12 2.00899E+10 9.38234E+11 1.23093E+10 9.35999E+11 1.22944E+10 8.64019E+8 3.3079E+7 7.19122E+8 3.09221E+7 0 0
8.481012658227848101265822785 2.90159E+13 9.18677E+10 1.8142E+12 2.04485E+10 9.57118E+11 1.24733E+10 9.55937E+11 1.24678E+10 7.45402E+8 2.96853E+7 6.28126E+8 2.81304E+7 0 0
8.607594936708860759493670886 2.92786E+13 9.26999E+10 1.82169E+12 2.06126E+10 9.63639E+11 1.25587E+10 9.62121E+11 1.25487E+10 8.05241E+8 3.17646E+7 6.93986E+8 3.03056E+7 0 0
8.734177215189873417721518987 2.95223E+13 9.34701E+10 1.8383E+12 2.07767E+10 9.80866E+11 1.27237E+10 9.79452E+11 1.2716E+10 8.4289E+8 3.12621E+7 7.23599E+8 2.98244E+7 0 0
8.860759493670886075949367089 2.97742E+13 9.42684E+10 1.81739E+12 2.07223E+10 9.71284E+11 1.27497E+10 9.69876E+11 1.27394E+10 8.57033E+8 3.137E+7 7.18742E+8 2.95215E+7 0 0
8.987341772151898734177215190 3.00287E+13 9.50736E+10 1.82117E+12 2.09352E+10 9.82211E+11 1.29671E+10 9.80668E+11 1.29584E+10 7.9236E+8 3.01597E+7 6.95729E+8 2.9099E+7 0 0
9.113924050632911392405063291 3.02873E+13 9.58925E+10 1.85303E+12 2.11286E+10 9.97807E+11 1.30565E+10 9.96152E+11 1.30446E+10 8.2623E+8 3.04107E+7 7.1188E+8 2.92308E+7 0 0
9.240506329113924050632911392 3.05414E+13 9.66971E+10 1.84847E+12 2.11936E+10 9.7152E+11 1.28773E+10 9.70356E+11 1.2869E+10 7.81175E+8 2.89616E+7 6.4956E+8 2.71665E+7 0 0
9.367088607594936708860759494 3.07972E+13 9.75072E+10 1.84547E+12 2.12864E+10 9.95654E+11 1.31736E+10 9.93893E+11 1.31651E+10 7.63479E+8 2.79892E+7 6.46364E+8 2.67349E+7 0 0
9.493670886075949367088607595 3.10495E+13 9.8305E+10 1.91239E+12 2.1753E+10 1.02422E+12 1.34304E+10 1.02327E+12 1.34243E+10 7.17074E+8 2.63582E+7 6.09129E+8 2.50782E+7 0 0
9.620253164556962025316455696 3.13071E+13 9.91206E+10 1.9117E+12 2.18033E+10 1.01053E+12 1.32819E+10 1.00935E+12 1.32753E+10 6.91676E+8 2.57552E+7 5.81481E+8 2.45076E+7 0 0
9.746835443037974683544303797 3.15573E+13 9.99128E+10 1.88208E+12 2.1754E+10 9.94045E+11 1.3263E+10 9.91657E+11 1.32444E+10 7.01647E+8 2.56641E+7 5.84409E+8 2.41394E+7 0 0
9.873417721518987341772151899 3.18163E+13 1.00733E+11 1.89175E+12 2.18781E+10 1.01002E+12 1.3454E+10 1.00822E+12 1.34413E+10 7.32723E+8 2.61971E+7 6.18844E+8 2.49919E+7 0 0
10 3.20649E+13 1.0152E+11 1.95045E+12 2.23265E+10 1.04164E+12 1.37516E+10 1.04064E+12 1.37461E+10 7.2597E+8 2.61296E+7 6.02584E+8 2.47072E+7 0 0
