# Instrument-source: 'phonon_Dorothy_modified-2.instr'
# Date: Wed Mar 15 10 00 2023
# Ncount: 100000
# Numpoints: 80
# Param: E = 5
# type: multiarray_1d(80)
# title: Scan of E
# xlabel: 'E'
# ylabel: 'Intensity'
# xvars: E
# yvars: (l_monitor_before_mono_I,l_monitor_before_mono_ERR) (l_monitor_after_mono_I,l_monitor_after_mono_ERR) (l_monitor_before_sam_I,l_monitor_before_sam_ERR) (e_monitor_before_sam_I,e_monitor_before_sam_ERR) (psd_monitoraftersample_I,psd_monitoraftersample_ERR) (e_monitor_beforeana_I,e_monitor_beforeana_ERR) (psd_monitor_I,psd_monitor_ERR)
# xlimits: 15 5
# filename: mccode.dat
# variables: E l_monitor_before_mono_I l_monitor_before_mono_ERR l_monitor_after_mono_I l_monitor_after_mono_ERR l_monitor_before_sam_I l_monitor_before_sam_ERR e_monitor_before_sam_I e_monitor_before_sam_ERR psd_monitoraftersample_I psd_monitoraftersample_ERR e_monitor_beforeana_I e_monitor_beforeana_ERR psd_monitor_I psd_monitor_ERR
5 2.21027E+13 6.99795E+10 1.48326E+12 1.61649E+10 7.81679E+11 9.88717E+9 7.80437E+11 9.8785E+9 7.45443E+6 151109 0 0 0 0
5.126582278481012658227848101 2.23482E+13 7.07569E+10 1.51134E+12 1.63826E+10 7.93305E+11 9.99282E+9 7.92694E+11 9.98964E+9 7.99476E+6 159012 0 0 0 0
5.253164556962025316455696202 2.25959E+13 7.15414E+10 1.49675E+12 1.63852E+10 7.79575E+11 9.91388E+9 7.78386E+11 9.90586E+9 7.0476E+6 149826 0 0 0 0
5.379746835443037974683544304 2.28523E+13 7.23532E+10 1.51898E+12 1.65942E+10 7.95543E+11 1.00921E+10 7.94864E+11 1.00885E+10 7.46971E+6 156629 0 0 0 0
5.506329113924050632911392405 2.30922E+13 7.31128E+10 1.53359E+12 1.67928E+10 8.01559E+11 1.01788E+10 8.00978E+11 1.01755E+10 7.32428E+6 154474 0 0 0 0
5.632911392405063291139240506 2.3346E+13 7.39161E+10 1.56053E+12 1.70143E+10 8.14109E+11 1.03612E+10 8.12746E+11 1.03533E+10 1.50018E+7 2.00844E+6 3.82873E+6 1.22509E+6 421722 421722
5.759493670886075949367088608 2.35902E+13 7.46896E+10 1.53911E+12 1.69971E+10 8.09297E+11 1.03525E+10 8.08705E+11 1.03483E+10 3.6022E+7 5.06418E+6 2.49601E+7 4.66012E+6 3.67002E+6 1.74145E+6
5.886075949367088607594936709 2.3842E+13 7.54867E+10 1.56969E+12 1.72383E+10 8.22413E+11 1.04926E+10 8.21623E+11 1.04875E+10 1.03489E+8 9.46605E+6 8.26328E+7 8.72541E+6 2.30734E+6 854901
6.012658227848101265822784810 2.41001E+13 7.63042E+10 1.62995E+12 1.76783E+10 8.53995E+11 1.07627E+10 8.52981E+11 1.07566E+10 8.22356E+7 6.27628E+6 5.97387E+7 5.62092E+6 2.72396E+6 1.00411E+6
6.139240506329113924050632911 2.43414E+13 7.70678E+10 1.63153E+12 1.77889E+10 8.54383E+11 1.08338E+10 8.52953E+11 1.08247E+10 5.02152E+7 3.80232E+6 3.26106E+7 3.45559E+6 1.13677E+6 598706
6.265822784810126582278481013 2.45976E+13 7.78787E+10 1.6023E+12 1.77052E+10 8.38752E+11 1.07434E+10 8.37739E+11 1.07376E+10 2.9987E+7 2.23107E+6 1.81778E+7 2.084E+6 213618 173371
6.392405063291139240506329114 2.48427E+13 7.86556E+10 1.64069E+12 1.79787E+10 8.55542E+11 1.08919E+10 8.54184E+11 1.08823E+10 1.46769E+7 951071 4.75646E+6 833202 63159.2 63159.2
6.518987341772151898734177215 2.50912E+13 7.94428E+10 1.62589E+12 1.8017E+10 8.54289E+11 1.09747E+10 8.53402E+11 1.09693E+10 1.10249E+7 465386 1.58953E+6 384275 0 0
6.645569620253164556962025316 2.53512E+13 8.02652E+10 1.64963E+12 1.82295E+10 8.67503E+11 1.11055E+10 8.65948E+11 1.10956E+10 9.59135E+6 218190 394002 111092 0 0
6.772151898734177215189873418 2.56071E+13 8.1075E+10 1.64825E+12 1.8313E+10 8.78032E+11 1.12482E+10 8.76676E+11 1.1241E+10 9.67677E+6 219325 338678 97577.5 0 0
6.898734177215189873417721519 2.58481E+13 8.18383E+10 1.68951E+12 1.86613E+10 8.8521E+11 1.13378E+10 8.8419E+11 1.13308E+10 1.15094E+7 464412 2.44907E+6 410423 38333.4 38333.4
7.025316455696202531645569620 2.61002E+13 8.2637E+10 1.65441E+12 1.85161E+10 8.57123E+11 1.11755E+10 8.55959E+11 1.11679E+10 2.09293E+7 1.08116E+6 1.01057E+7 1.01106E+6 927199 325222
7.151898734177215189873417722 2.63564E+13 8.34484E+10 1.68986E+12 1.88408E+10 8.82322E+11 1.14198E+10 8.81289E+11 1.14128E+10 3.89044E+7 2.04771E+6 2.48445E+7 1.88079E+6 2.97209E+6 659341
7.278481012658227848101265823 2.66074E+13 8.42422E+10 1.67383E+12 1.87865E+10 8.83486E+11 1.14615E+10 8.81674E+11 1.14465E+10 7.44277E+7 3.60224E+6 5.81508E+7 3.49078E+6 9.25654E+6 1.35264E+6
7.405063291139240506329113924 2.68568E+13 8.50322E+10 1.71971E+12 1.91161E+10 9.01578E+11 1.16642E+10 9.00889E+11 1.16606E+10 1.17725E+8 4.55061E+6 9.32076E+7 4.3129E+6 7.33291E+6 1.17429E+6
7.531645569620253164556962025 2.71136E+13 8.58455E+10 1.70319E+12 1.91423E+10 8.92783E+11 1.16479E+10 8.91595E+11 1.16403E+10 1.14626E+8 3.84351E+6 9.08216E+7 3.59124E+6 5.49265E+6 753474
7.658227848101265822784810127 2.73702E+13 8.66574E+10 1.73275E+12 1.944E+10 9.02693E+11 1.17975E+10 9.01669E+11 1.17897E+10 1.18102E+8 3.12562E+6 9.57886E+7 2.95954E+6 5.631E+6 570326
7.784810126582278481012658228 2.76208E+13 8.74513E+10 1.74538E+12 1.95873E+10 9.20858E+11 1.19717E+10 9.2038E+11 1.19696E+10 1.21516E+8 3.15165E+6 9.84114E+7 2.95697E+6 4.90354E+6 499436
7.911392405063291139240506329 2.78701E+13 8.824E+10 1.78322E+12 1.98395E+10 9.31384E+11 1.2059E+10 9.30168E+11 1.20518E+10 1.18109E+8 3.04904E+6 9.56E+7 2.87401E+6 6.52685E+6 617646
8.037974683544303797468354430 2.8134E+13 8.90758E+10 1.80155E+12 2.00892E+10 9.44025E+11 1.21858E+10 9.43445E+11 1.21818E+10 1.30198E+8 3.27635E+6 1.05699E+8 3.10724E+6 5.40295E+6 580177
8.164556962025316455696202532 2.83734E+13 8.9833E+10 1.76392E+12 1.99408E+10 9.23521E+11 1.21179E+10 9.22519E+11 1.21117E+10 1.21512E+8 3.03036E+6 9.65497E+7 2.82644E+6 5.35992E+6 523076
8.291139240506329113924050633 2.86418E+13 9.06831E+10 1.78814E+12 2.02127E+10 9.5025E+11 1.24161E+10 9.49272E+11 1.24096E+10 1.22054E+8 3.1133E+6 9.37211E+7 2.86726E+6 5.12595E+6 581406
8.417721518987341772151898734 2.8898E+13 9.14949E+10 1.82631E+12 2.04895E+10 9.58032E+11 1.24785E+10 9.56799E+11 1.24701E+10 1.39502E+8 3.4706E+6 1.01514E+8 3.10374E+6 5.54306E+6 651491
8.544303797468354430379746835 2.9149E+13 9.22891E+10 1.83197E+12 2.05896E+10 9.47925E+11 1.24168E+10 9.4676E+11 1.24099E+10 1.26357E+8 3.25456E+6 9.23545E+7 2.92835E+6 3.41304E+6 420896
8.670886075949367088607594937 2.94029E+13 9.30928E+10 1.82232E+12 2.06519E+10 9.55305E+11 1.25738E+10 9.54131E+11 1.25669E+10 1.24219E+8 3.19802E+6 8.56995E+7 2.88576E+6 3.5368E+6 474088
8.797468354430379746835443038 2.96538E+13 9.3887E+10 1.81867E+12 2.07061E+10 9.63234E+11 1.26974E+10 9.6253E+11 1.26937E+10 1.13803E+8 3.17057E+6 7.47778E+7 2.86898E+6 2.93762E+6 408812
8.924050632911392405063291139 2.99072E+13 9.4689E+10 1.85976E+12 2.10075E+10 9.83788E+11 1.28584E+10 9.82021E+11 1.28451E+10 1.29894E+8 3.35631E+6 8.46886E+7 3.02528E+6 2.20893E+6 323270
9.050632911392405063291139241 3.01531E+13 9.5468E+10 1.84563E+12 2.0991E+10 9.72017E+11 1.28135E+10 9.70912E+11 1.28046E+10 9.5888E+7 2.76625E+6 5.67707E+7 2.44324E+6 1.98387E+6 308737
9.177215189873417721518987342 3.04125E+13 9.62892E+10 1.86191E+12 2.11923E+10 9.87526E+11 1.30047E+10 9.85659E+11 1.29914E+10 7.46458E+7 2.3263E+6 4.27853E+7 2.09527E+6 779668 188668
9.303797468354430379746835443 3.06759E+13 9.71228E+10 1.90899E+12 2.15838E+10 1.00412E+12 1.31897E+10 1.00179E+12 1.31739E+10 5.93095E+7 1.85247E+6 2.91143E+7 1.60637E+6 1.14603E+6 257286
9.430379746835443037974683544 3.09239E+13 9.79076E+10 1.88107E+12 2.15021E+10 9.89755E+11 1.31078E+10 9.88277E+11 1.3099E+10 4.43526E+7 1.38604E+6 1.71001E+7 1.16879E+6 1.20422E+6 239700
9.556962025316455696202531646 3.11754E+13 9.8704E+10 1.88667E+12 2.1616E+10 9.95784E+11 1.31958E+10 9.94233E+11 1.31864E+10 3.50443E+7 946673 6.86473E+6 635424 471218 139674
9.683544303797468354430379747 3.14286E+13 9.95054E+10 1.92528E+12 2.19494E+10 9.98169E+11 1.32484E+10 9.96574E+11 1.32375E+10 2.82085E+7 716256 3.58188E+6 371842 497444 165034
9.810126582278481012658227848 3.16889E+13 1.00329E+11 1.93162E+12 2.20449E+10 1.00198E+12 1.33019E+10 1.00086E+12 1.32947E+10 3.79481E+7 981198 9.03774E+6 684499 616824 171238
9.936708860759493670886075949 3.19411E+13 1.01127E+11 1.93822E+12 2.21592E+10 1.01393E+12 1.34384E+10 1.01336E+12 1.34354E+10 4.16259E+7 1.22362E+6 1.4324E+7 990885 953829 234082
10.06329113924050632911392405 3.2195E+13 1.01931E+11 1.91337E+12 2.21064E+10 1.01412E+12 1.35538E+10 1.01343E+12 1.35491E+10 5.53581E+7 1.74159E+6 2.85087E+7 1.52562E+6 1.44664E+6 285391
10.18987341772151898734177215 3.24452E+13 1.02723E+11 1.96232E+12 2.24887E+10 1.02701E+12 1.36544E+10 1.02589E+12 1.36486E+10 7.42325E+7 2.13104E+6 4.04084E+7 1.86587E+6 1.79318E+6 315900
10.31645569620253164556962025 3.27011E+13 1.03533E+11 2.00052E+12 2.27979E+10 1.05391E+12 1.39091E+10 1.05245E+12 1.38992E+10 9.26226E+7 2.50141E+6 5.59477E+7 2.23921E+6 2.52217E+6 407550
10.44303797468354430379746835 3.29514E+13 1.04325E+11 2.02541E+12 2.30738E+10 1.07236E+12 1.40816E+10 1.07093E+12 1.40718E+10 9.49835E+7 2.52419E+6 6.00362E+7 2.27953E+6 1.67029E+6 297436
10.56962025316455696202531646 3.32002E+13 1.05113E+11 2.01577E+12 2.30648E+10 1.0598E+12 1.40445E+10 1.05925E+12 1.40417E+10 9.5454E+7 2.47281E+6 6.00971E+7 2.22038E+6 2.1172E+6 327233
10.69620253164556962025316456 3.34628E+13 1.05944E+11 2.02076E+12 2.31562E+10 1.05615E+12 1.40585E+10 1.05489E+12 1.40499E+10 1.00751E+8 2.54274E+6 6.42205E+7 2.27246E+6 2.79354E+6 374348
10.82278481012658227848101266 3.37186E+13 1.06754E+11 2.06973E+12 2.35815E+10 1.08426E+12 1.43417E+10 1.08275E+12 1.43299E+10 1.01637E+8 2.46054E+6 6.25019E+7 2.17283E+6 2.07221E+6 317548
10.94936708860759493670886076 3.39628E+13 1.07527E+11 1.99529E+12 2.31768E+10 1.04672E+12 1.40792E+10 1.04569E+12 1.40722E+10 8.49414E+7 2.30133E+6 5.4224E+7 2.08101E+6 1.44476E+6 238028
11.07594936708860759493670886 3.42182E+13 1.08336E+11 2.0368E+12 2.35532E+10 1.07111E+12 1.43716E+10 1.06976E+12 1.43627E+10 9.65493E+7 2.48123E+6 5.92407E+7 2.18655E+6 2.06158E+6 277964
11.20253164556962025316455696 3.44704E+13 1.09134E+11 2.0461E+12 2.36889E+10 1.06842E+12 1.43567E+10 1.06631E+12 1.434E+10 1.04573E+8 2.49885E+6 6.30467E+7 2.18641E+6 1.67725E+6 267388
11.32911392405063291139240506 3.47256E+13 1.09942E+11 2.04942E+12 2.37689E+10 1.07375E+12 1.44418E+10 1.07153E+12 1.44268E+10 9.68135E+7 2.41467E+6 5.72578E+7 2.10589E+6 1.81133E+6 268132
11.45569620253164556962025316 3.49717E+13 1.1072E+11 2.04722E+12 2.38625E+10 1.09517E+12 1.47066E+10 1.09386E+12 1.47001E+10 9.53924E+7 2.34921E+6 5.48401E+7 2.04639E+6 1.56509E+6 247051
11.58227848101265822784810127 3.52199E+13 1.11506E+11 2.03618E+12 2.3849E+10 1.06886E+12 1.45567E+10 1.06795E+12 1.45517E+10 9.82089E+7 2.38696E+6 5.57668E+7 2.04066E+6 1.13875E+6 202154
11.70886075949367088607594937 3.54705E+13 1.123E+11 2.08907E+12 2.42585E+10 1.09111E+12 1.47075E+10 1.09041E+12 1.47042E+10 9.15911E+7 2.29533E+6 5.22016E+7 1.96869E+6 1.48421E+6 253864
11.83544303797468354430379747 3.57341E+13 1.13134E+11 2.07307E+12 2.42846E+10 1.10639E+12 1.49348E+10 1.10459E+12 1.4922E+10 8.57894E+7 2.13431E+6 4.88302E+7 1.81961E+6 1.2771E+6 200883
11.96202531645569620253164557 3.59778E+13 1.13905E+11 2.05944E+12 2.4254E+10 1.06647E+12 1.46613E+10 1.06508E+12 1.46519E+10 9.76874E+7 2.35558E+6 5.63108E+7 2.04182E+6 1.29335E+6 212246
12.08860759493670886075949367 3.62224E+13 1.14679E+11 2.10264E+12 2.46026E+10 1.10016E+12 1.48856E+10 1.09856E+12 1.4873E+10 8.65274E+7 2.13833E+6 4.85714E+7 1.81565E+6 821558 140866
12.21518987341772151898734177 3.64849E+13 1.15509E+11 2.14591E+12 2.49985E+10 1.12701E+12 1.52464E+10 1.1256E+12 1.52358E+10 9.03214E+7 2.16192E+6 5.20123E+7 1.84699E+6 1.40928E+6 207813
12.34177215189873417721518987 3.67208E+13 1.16255E+11 2.17715E+12 2.5283E+10 1.147E+12 1.54422E+10 1.14577E+12 1.54351E+10 9.25308E+7 2.21266E+6 5.29752E+7 1.88715E+6 1.23919E+6 197259
12.46835443037974683544303798 3.6972E+13 1.17051E+11 2.15769E+12 2.51791E+10 1.12564E+12 1.52387E+10 1.12341E+12 1.52251E+10 8.51136E+7 2.14428E+6 4.80582E+7 1.82449E+6 843704 151421
12.59493670886075949367088608 3.72365E+13 1.17888E+11 2.16014E+12 2.53024E+10 1.15367E+12 1.55549E+10 1.153E+12 1.55499E+10 7.98816E+7 2.01801E+6 4.11062E+7 1.64676E+6 745606 132168
12.72151898734177215189873418 3.74698E+13 1.18626E+11 2.1459E+12 2.53135E+10 1.12664E+12 1.53993E+10 1.12506E+12 1.53881E+10 7.25499E+7 1.87262E+6 3.48494E+7 1.52082E+6 422018 95560.2
12.84810126582278481012658228 3.77185E+13 1.19414E+11 2.21078E+12 2.57436E+10 1.16072E+12 1.56528E+10 1.15902E+12 1.56421E+10 6.93499E+7 1.74169E+6 3.03791E+7 1.36446E+6 596610 104766
12.97468354430379746835443038 3.79686E+13 1.20205E+11 2.2148E+12 2.58282E+10 1.17169E+12 1.578E+10 1.17086E+12 1.57747E+10 6.13013E+7 1.55314E+6 2.60195E+7 1.20443E+6 833185 134918
13.10126582278481012658227848 3.82198E+13 1.21E+11 2.17385E+12 2.56328E+10 1.14157E+12 1.55828E+10 1.14098E+12 1.55799E+10 5.47896E+7 1.35057E+6 1.93215E+7 955247 609661 110480
13.22784810126582278481012658 3.84665E+13 1.2178E+11 2.22369E+12 2.60929E+10 1.16527E+12 1.58286E+10 1.16309E+12 1.58132E+10 6.10646E+7 1.45552E+6 2.34796E+7 1.06446E+6 636035 102992
13.35443037974683544303797468 3.87116E+13 1.22557E+11 2.23156E+12 2.61805E+10 1.18861E+12 1.61021E+10 1.18575E+12 1.60808E+10 6.27922E+7 1.59235E+6 2.57549E+7 1.1968E+6 841610 141816
13.48101265822784810126582278 3.89597E+13 1.23342E+11 2.20372E+12 2.61584E+10 1.14498E+12 1.57786E+10 1.14353E+12 1.57687E+10 6.819E+7 1.70318E+6 3.12921E+7 1.31832E+6 781802 125519
13.60759493670886075949367089 3.92097E+13 1.24133E+11 2.27188E+12 2.66527E+10 1.19462E+12 1.62316E+10 1.19271E+12 1.62191E+10 8.25313E+7 1.98283E+6 3.98591E+7 1.55767E+6 939508 169249
13.73417721518987341772151899 3.946E+13 1.24925E+11 2.20371E+12 2.62366E+10 1.16266E+12 1.606E+10 1.16137E+12 1.60523E+10 8.56019E+7 1.98151E+6 4.17676E+7 1.54151E+6 836272 130356
13.86075949367088607594936709 3.96984E+13 1.2568E+11 2.21209E+12 2.64945E+10 1.15229E+12 1.60323E+10 1.15099E+12 1.60223E+10 7.83581E+7 1.90377E+6 3.97158E+7 1.48938E+6 688981 107921
13.98734177215189873417721519 3.99482E+13 1.2647E+11 2.29278E+12 2.69836E+10 1.2008E+12 1.63792E+10 1.19938E+12 1.63714E+10 9.51453E+7 2.11045E+6 4.96837E+7 1.68303E+6 790391 119350
14.11392405063291139240506329 4.01967E+13 1.27256E+11 2.23589E+12 2.66634E+10 1.17061E+12 1.62108E+10 1.1695E+12 1.62027E+10 9.20929E+7 2.09861E+6 4.7093E+7 1.65664E+6 736145 112669
14.24050632911392405063291139 4.04308E+13 1.27996E+11 2.3187E+12 2.73217E+10 1.21651E+12 1.66329E+10 1.21429E+12 1.66157E+10 9.37242E+7 2.18713E+6 4.80131E+7 1.72251E+6 610622 105912
14.36708860759493670886075949 4.06721E+13 1.2876E+11 2.32154E+12 2.7456E+10 1.22227E+12 1.67315E+10 1.22127E+12 1.67259E+10 1.01574E+8 2.31374E+6 5.35358E+7 1.84541E+6 679387 116337
14.49367088607594936708860760 4.09257E+13 1.29563E+11 2.29943E+12 2.73986E+10 1.20329E+12 1.66476E+10 1.20216E+12 1.66412E+10 8.53546E+7 2.07982E+6 4.43185E+7 1.65688E+6 600041 108284
14.62025316455696202531645570 4.11644E+13 1.30317E+11 2.30384E+12 2.74597E+10 1.21565E+12 1.67607E+10 1.21403E+12 1.67497E+10 8.73132E+7 2.10804E+6 4.35909E+7 1.6472E+6 814882 123274
14.74683544303797468354430380 4.14122E+13 1.31102E+11 2.2729E+12 2.73347E+10 1.19686E+12 1.6668E+10 1.19451E+12 1.66537E+10 9.63971E+7 2.24391E+6 5.0469E+7 1.78964E+6 742705 120860
14.87341772151898734177215190 4.165E+13 1.31855E+11 2.30705E+12 2.76382E+10 1.21085E+12 1.68126E+10 1.20924E+12 1.6801E+10 8.68918E+7 2.10172E+6 4.38309E+7 1.63598E+6 735620 119365
15 4.1879E+13 1.32579E+11 2.30646E+12 2.7725E+10 1.21277E+12 1.68534E+10 1.21079E+12 1.68378E+10 9.49214E+7 2.22996E+6 4.79256E+7 1.72551E+6 836339 134101
