# Instrument-source: 'phonon_Dorothy_modified2.instr'
# Date: Wed Mar 15 14 16 2023
# Ncount: 100000
# Numpoints: 80
# Param: E = 0
# type: multiarray_1d(80)
# title: Scan of E
# xlabel: 'E'
# ylabel: 'Intensity'
# xvars: E
# yvars: (l_monitor_before_mono_I,l_monitor_before_mono_ERR) (l_monitor_after_mono_I,l_monitor_after_mono_ERR) (l_monitor_before_sam_I,l_monitor_before_sam_ERR) (e_monitor_before_sam_I,e_monitor_before_sam_ERR) (psd_monitoraftersample_I,psd_monitoraftersample_ERR) (e_monitor_beforeana_I,e_monitor_beforeana_ERR) (psd_monitor_I,psd_monitor_ERR)
# xlimits: 0 10
# filename: mccode.dat
# variables: E l_monitor_before_mono_I l_monitor_before_mono_ERR l_monitor_after_mono_I l_monitor_after_mono_ERR l_monitor_before_sam_I l_monitor_before_sam_ERR e_monitor_before_sam_I e_monitor_before_sam_ERR psd_monitoraftersample_I psd_monitoraftersample_ERR e_monitor_beforeana_I e_monitor_beforeana_ERR psd_monitor_I psd_monitor_ERR
0 1.29E+13 4.0839E+10 9.87741E+11 1.0063E+10 5.22011E+11 6.15296E+9 5.20937E+11 6.14743E+9 3.49477E+6 72660.9 0 0 0 0
0.1265822784810126582278481013 1.31194E+13 4.15337E+10 9.83812E+11 1.01407E+10 5.20659E+11 6.19091E+9 5.20092E+11 6.18779E+9 3.5787E+6 73005.7 0 0 0 0
0.2531645569620253164556962025 1.33275E+13 4.21926E+10 9.85916E+11 1.02218E+10 5.27055E+11 6.28881E+9 5.2625E+11 6.2847E+9 3.87092E+6 77966.7 0 0 0 0
0.3797468354430379746835443038 1.35463E+13 4.28854E+10 1.02966E+12 1.05375E+10 5.4233E+11 6.4257E+9 5.41342E+11 6.41972E+9 3.85371E+6 77186.6 0 0 0 0
0.5063291139240506329113924051 1.37628E+13 4.35711E+10 1.04037E+12 1.06854E+10 5.52534E+11 6.54283E+9 5.5211E+11 6.54089E+9 3.70753E+6 77243.4 0 0 0 0
0.6329113924050632911392405063 1.39873E+13 4.42821E+10 1.03176E+12 1.07098E+10 5.44965E+11 6.54248E+9 5.44439E+11 6.53901E+9 3.61628E+6 77028.8 0 0 0 0
0.7594936708860759493670886076 1.42023E+13 4.49626E+10 1.04837E+12 1.08562E+10 5.52219E+11 6.60308E+9 5.51207E+11 6.59729E+9 4.24779E+6 84347.2 0 0 0 0
0.8860759493670886075949367089 1.4426E+13 4.56711E+10 1.07324E+12 1.10912E+10 5.64331E+11 6.74624E+9 5.6313E+11 6.73982E+9 4.33169E+6 86281.9 0 0 0 0
1.012658227848101265822784810 1.46514E+13 4.6385E+10 1.09086E+12 1.12678E+10 5.76718E+11 6.87974E+9 5.7644E+11 6.87826E+9 4.45661E+6 88945.1 0 0 0 0
1.139240506329113924050632911 1.4873E+13 4.70867E+10 1.08221E+12 1.13234E+10 5.69483E+11 6.88659E+9 5.68272E+11 6.87939E+9 4.49621E+6 88577.2 0 0 0 0
1.265822784810126582278481013 1.51003E+13 4.78062E+10 1.11595E+12 1.15856E+10 5.96962E+11 7.13768E+9 5.96612E+11 7.13547E+9 4.06563E+6 85636.4 0 0 0 0
1.392405063291139240506329114 1.53293E+13 4.85312E+10 1.11794E+12 1.16825E+10 5.88005E+11 7.11378E+9 5.87478E+11 7.11111E+9 4.50631E+6 90849.4 0 0 0 0
1.518987341772151898734177215 1.55518E+13 4.92362E+10 1.12217E+12 1.17886E+10 5.88931E+11 7.16997E+9 5.88363E+11 7.16694E+9 3.09608E+7 2.58707E+7 2.67238E+7 2.82964E+7 229028 229028
1.645569620253164556962025316 1.57826E+13 4.99669E+10 1.13644E+12 1.19272E+10 5.95249E+11 7.23656E+9 5.94563E+11 7.23292E+9 9.07528E+7 2.98404E+7 7.85637E+7 2.98176E+7 1.02837E+7 1.05723E+7
1.772151898734177215189873418 1.60094E+13 5.06848E+10 1.15482E+12 1.2135E+10 6.14263E+11 7.42928E+9 6.137E+11 7.42643E+9 2.41723E+8 6.33005E+7 2.26425E+8 6.35213E+7 958632 845647
1.898734177215189873417721519 1.62391E+13 5.14125E+10 1.15718E+12 1.22225E+10 6.13387E+11 7.46427E+9 6.1258E+11 7.45956E+9 1.25522E+8 2.8351E+7 1.12866E+8 2.83781E+7 117987 103169
2.025316455696202531645569620 1.64727E+13 5.21522E+10 1.16974E+12 1.23795E+10 6.17465E+11 7.55246E+9 6.16614E+11 7.54739E+9 2.47619E+7 4.40516E+6 1.6088E+7 4.24273E+6 0 0
2.151898734177215189873417722 1.6697E+13 5.28624E+10 1.20474E+12 1.26717E+10 6.45867E+11 7.80698E+9 6.45399E+11 7.80422E+9 8.52226E+6 743699 2.19178E+6 592867 0 0
2.278481012658227848101265823 1.69369E+13 5.36222E+10 1.19312E+12 1.26631E+10 6.28524E+11 7.71842E+9 6.27692E+11 7.71266E+9 5.48512E+6 153278 42361.2 24453.9 0 0
2.405063291139240506329113924 1.71678E+13 5.43533E+10 1.22494E+12 1.29451E+10 6.46224E+11 7.89688E+9 6.45334E+11 7.89211E+9 5.34971E+6 107932 0 0 0 0
2.531645569620253164556962025 1.74047E+13 5.51034E+10 1.21529E+12 1.29897E+10 6.46307E+11 7.9743E+9 6.45295E+11 7.96883E+9 4.94393E+6 101867 0 0 0 0
2.658227848101265822784810127 1.76377E+13 5.58414E+10 1.26147E+12 1.33228E+10 6.67931E+11 8.14114E+9 6.67336E+11 8.13777E+9 5.51369E+6 111455 0 0 0 0
2.784810126582278481012658228 1.78702E+13 5.65772E+10 1.23897E+12 1.32534E+10 6.60443E+11 8.13714E+9 6.59658E+11 8.13219E+9 5.60524E+6 114978 13675.1 13675.1 0 0
2.911392405063291139240506329 1.8113E+13 5.73464E+10 1.26464E+12 1.35064E+10 6.71367E+11 8.27482E+9 6.70811E+11 8.27068E+9 1.36387E+7 3.63151E+6 7.82772E+6 3.68248E+6 179538 131249
3.037974683544303797468354430 1.83475E+13 5.80889E+10 1.26948E+12 1.36275E+10 6.72552E+11 8.34909E+9 6.71984E+11 8.34606E+9 3.73274E+7 5.34739E+6 2.71869E+7 5.26707E+6 1.41942E+6 627696
3.164556962025316455696202532 1.85773E+13 5.88167E+10 1.27957E+12 1.37688E+10 6.80833E+11 8.42843E+9 6.8045E+11 8.42665E+9 1.6722E+8 1.99847E+7 1.43756E+8 1.89762E+7 1.18953E+7 2.14283E+6
3.291139240506329113924050633 1.88242E+13 5.95984E+10 1.30995E+12 1.40175E+10 6.87301E+11 8.5022E+9 6.86092E+11 8.49422E+9 2.98135E+8 2.66625E+7 2.55947E+8 2.49657E+7 2.07031E+7 2.62258E+6
3.417721518987341772151898734 1.90612E+13 6.03486E+10 1.31113E+12 1.41223E+10 7.00243E+11 8.68567E+9 6.99625E+11 8.68198E+9 4.34263E+8 3.02683E+7 3.87268E+8 2.93626E+7 3.20689E+7 3.88651E+6
3.544303797468354430379746835 1.9301E+13 6.11083E+10 1.32105E+12 1.42494E+10 7.05383E+11 8.75552E+9 7.04805E+11 8.75184E+9 3.397E+8 2.02176E+7 2.79954E+8 1.70837E+7 2.65496E+7 3.09118E+6
3.670886075949367088607594937 1.95455E+13 6.18824E+10 1.3661E+12 1.4571E+10 7.22795E+11 8.89568E+9 7.22091E+11 8.89196E+9 2.1217E+8 1.02603E+7 1.83627E+8 9.9108E+6 1.40705E+7 1.83355E+6
3.797468354430379746835443038 1.9782E+13 6.26311E+10 1.34494E+12 1.4551E+10 7.03948E+11 8.80772E+9 7.0312E+11 8.80177E+9 1.20598E+8 5.59355E+6 1.03958E+8 5.36198E+6 7.05096E+6 1.13811E+6
3.924050632911392405063291139 2.00247E+13 6.33996E+10 1.34648E+12 1.46647E+10 7.07363E+11 8.931E+9 7.06065E+11 8.92328E+9 6.03291E+7 3.28533E+6 4.66922E+7 3.08971E+6 2.7526E+6 643888
4.050632911392405063291139241 2.0272E+13 6.41829E+10 1.36848E+12 1.48559E+10 7.28137E+11 9.10573E+9 7.27071E+11 9.09908E+9 2.27023E+7 1.46218E+6 1.33579E+7 1.27881E+6 62012.3 48553.9
4.177215189873417721518987342 2.05161E+13 6.49554E+10 1.41809E+12 1.52056E+10 7.4869E+11 9.25565E+9 7.47531E+11 9.24894E+9 1.04859E+7 485555 2.89234E+6 420283 2320.11 2320.11
4.303797468354430379746835443 2.07586E+13 6.57235E+10 1.4182E+12 1.53047E+10 7.43376E+11 9.27835E+9 7.42581E+11 9.27226E+9 7.40814E+6 182546 372982 110628 0 0
4.430379746835443037974683544 2.09984E+13 6.64832E+10 1.4234E+12 1.5422E+10 7.56223E+11 9.43281E+9 7.5487E+11 9.42329E+9 6.48954E+6 134410 10535.9 8770.56 0 0
4.556962025316455696202531646 2.12458E+13 6.7266E+10 1.43897E+12 1.56289E+10 7.69295E+11 9.59783E+9 7.69203E+11 9.59764E+9 6.97046E+6 270010 4764.62 4927.5 0 0
4.683544303797468354430379747 2.14816E+13 6.80132E+10 1.39506E+12 1.54314E+10 7.38293E+11 9.41512E+9 7.37348E+11 9.40947E+9 8.74118E+6 359094 1.25832E+6 235490 0 0
4.810126582278481012658227848 2.17365E+13 6.88199E+10 1.46143E+12 1.59406E+10 7.7626E+11 9.77098E+9 7.7547E+11 9.76648E+9 1.8618E+7 918635 9.45305E+6 824245 0 0
4.936708860759493670886075949 2.19796E+13 6.95897E+10 1.4567E+12 1.5954E+10 7.73199E+11 9.76005E+9 7.71681E+11 9.74967E+9 4.2012E+7 1.86895E+6 2.99869E+7 1.75906E+6 2.15816E+6 496909
5.063291139240506329113924051 2.22262E+13 7.03706E+10 1.4904E+12 1.62363E+10 7.86717E+11 9.87958E+9 7.85681E+11 9.87507E+9 8.21908E+7 3.22764E+6 6.43497E+7 3.01245E+6 3.83785E+6 711351
5.189873417721518987341772152 2.2474E+13 7.11555E+10 1.47002E+12 1.62287E+10 7.75068E+11 9.891E+9 7.73887E+11 9.88247E+9 1.23113E+8 4.35052E+6 1.03891E+8 4.15893E+6 9.61539E+6 1.13975E+6
5.316455696202531645569620253 2.2723E+13 7.19435E+10 1.46008E+12 1.6242E+10 7.74322E+11 9.94227E+9 7.73148E+11 9.93494E+9 1.79524E+8 5.47189E+6 1.53585E+8 5.19488E+6 1.41625E+7 1.37228E+6
5.443037974683544303797468354 2.29737E+13 7.27371E+10 1.51068E+12 1.66128E+10 8.03076E+11 1.01639E+10 8.02267E+11 1.01587E+10 1.99816E+8 6.04459E+6 1.68766E+8 5.64503E+6 1.40459E+7 1.49763E+6
5.569620253164556962025316456 2.32226E+13 7.35257E+10 1.52095E+12 1.67964E+10 8.04916E+11 1.02477E+10 8.04219E+11 1.02434E+10 1.98461E+8 5.51465E+6 1.68147E+8 5.23198E+6 1.41693E+7 1.47677E+6
5.696202531645569620253164557 2.34706E+13 7.43104E+10 1.53875E+12 1.69612E+10 8.25402E+11 1.04612E+10 8.24775E+11 1.0458E+10 2.09799E+8 5.66348E+6 1.79222E+8 5.3798E+6 1.39676E+7 1.26975E+6
5.822784810126582278481012658 2.37166E+13 7.50895E+10 1.55346E+12 1.71583E+10 8.26204E+11 1.05403E+10 8.24711E+11 1.0531E+10 1.7294E+8 5.06932E+6 1.47268E+8 4.87486E+6 1.16403E+7 1.18239E+6
5.949367088607594936708860759 2.39584E+13 7.58554E+10 1.53082E+12 1.70795E+10 8.11778E+11 1.04548E+10 8.1047E+11 1.04466E+10 1.45247E+8 4.31686E+6 1.24403E+8 4.14536E+6 9.7542E+6 985966
6.075949367088607594936708861 2.42184E+13 7.66787E+10 1.57851E+12 1.74255E+10 8.33439E+11 1.06173E+10 8.3239E+11 1.06096E+10 1.31795E+8 3.89316E+6 1.10182E+8 3.70673E+6 7.5315E+6 808208
6.202531645569620253164556962 2.44746E+13 7.74894E+10 1.57396E+12 1.74969E+10 8.35331E+11 1.07002E+10 8.34397E+11 1.06939E+10 8.21054E+7 2.87821E+6 6.51169E+7 2.74309E+6 4.17049E+6 578704
6.329113924050632911392405063 2.47175E+13 7.82583E+10 1.6031E+12 1.77935E+10 8.5253E+11 1.09044E+10 8.51208E+11 1.08961E+10 5.2707E+7 2.37955E+6 3.81131E+7 2.23108E+6 3.07367E+6 526057
6.455696202531645569620253165 2.49766E+13 7.9079E+10 1.62939E+12 1.8013E+10 8.72689E+11 1.10991E+10 8.71571E+11 1.10914E+10 3.51685E+7 2.0682E+6 2.21591E+7 1.88615E+6 2.35913E+6 691905
6.582278481012658227848101266 2.52221E+13 7.98564E+10 1.60976E+12 1.79838E+10 8.50386E+11 1.10046E+10 8.49408E+11 1.0999E+10 2.23529E+7 1.33518E+6 1.08691E+7 1.21273E+6 994924 397185
6.708860759493670886075949367 2.54666E+13 8.06301E+10 1.61093E+12 1.8083E+10 8.51302E+11 1.10441E+10 8.49898E+11 1.10345E+10 1.34778E+7 522985 3.46949E+6 439257 147611 115416
6.835443037974683544303797468 2.57277E+13 8.14573E+10 1.63605E+12 1.83243E+10 8.68517E+11 1.1208E+10 8.66826E+11 1.11987E+10 1.93409E+7 863066 8.19617E+6 755227 159644 77245.1
6.962025316455696202531645570 2.59734E+13 8.2235E+10 1.62227E+12 1.83086E+10 8.72581E+11 1.13212E+10 8.7176E+11 1.13165E+10 4.0377E+7 1.88042E+6 2.77895E+7 1.77881E+6 1.18663E+6 258236
7.088607594936708860759493671 2.62265E+13 8.30364E+10 1.65159E+12 1.85731E+10 8.77561E+11 1.13794E+10 8.75669E+11 1.13669E+10 7.51928E+7 3.16406E+6 5.90465E+7 2.99851E+6 2.79536E+6 447189
7.215189873417721518987341772 2.64881E+13 8.38641E+10 1.6963E+12 1.89323E+10 9.1129E+11 1.16951E+10 9.09597E+11 1.16837E+10 1.57421E+8 5.20465E+6 1.28886E+8 4.92704E+6 5.03469E+6 776935
7.341772151898734177215189873 2.67311E+13 8.46348E+10 1.67497E+12 1.88875E+10 8.79877E+11 1.14542E+10 8.7894E+11 1.14488E+10 2.10812E+8 6.41782E+6 1.78429E+8 6.09938E+6 7.61459E+6 1.06257E+6
7.468354430379746835443037975 2.69869E+13 8.54433E+10 1.68716E+12 1.90299E+10 8.99083E+11 1.16769E+10 8.98614E+11 1.16734E+10 2.70384E+8 7.63201E+6 2.30557E+8 7.2741E+6 1.09753E+7 1.29809E+6
7.594936708860759493670886076 2.72446E+13 8.62601E+10 1.7552E+12 1.95357E+10 9.28336E+11 1.1904E+10 9.26151E+11 1.18885E+10 2.88183E+8 7.6537E+6 2.45632E+8 7.28623E+6 1.51218E+7 1.58636E+6
7.721518987341772151898734177 2.74971E+13 8.7059E+10 1.7234E+12 1.94413E+10 9.1145E+11 1.18686E+10 9.10485E+11 1.18623E+10 3.11831E+8 8.0042E+6 2.53857E+8 7.46664E+6 1.29927E+7 1.58297E+6
7.848101265822784810126582278 2.77479E+13 8.78533E+10 1.74995E+12 1.96608E+10 9.43544E+11 1.21823E+10 9.42569E+11 1.2175E+10 3.27812E+8 8.56852E+6 2.69462E+8 8.11504E+6 8.64952E+6 1.26242E+6
7.974683544303797468354430380 2.80111E+13 8.86863E+10 1.74581E+12 1.97448E+10 9.31541E+11 1.21376E+10 9.3024E+11 1.2129E+10 3.25107E+8 8.92222E+6 2.60568E+8 8.37894E+6 9.69213E+6 1.39912E+6
8.101265822784810126582278481 2.82552E+13 8.94593E+10 1.76872E+12 1.99762E+10 9.40391E+11 1.22291E+10 9.39062E+11 1.22215E+10 2.96521E+8 8.23935E+6 2.36756E+8 7.80512E+6 9.65156E+6 1.21337E+6
8.227848101265822784810126582 2.85068E+13 9.02559E+10 1.74997E+12 1.99549E+10 9.31659E+11 1.22243E+10 9.30287E+11 1.22156E+10 2.62255E+8 8.1461E+6 2.05437E+8 7.6914E+6 6.17163E+6 1.0261E+6
8.354430379746835443037974684 2.8765E+13 9.10728E+10 1.77099E+12 2.01126E+10 9.53924E+11 1.24095E+10 9.52509E+11 1.23994E+10 2.59533E+8 7.86846E+6 2.07767E+8 7.50103E+6 5.70035E+6 888599
8.481012658227848101265822785 2.90134E+13 9.18602E+10 1.7623E+12 2.01317E+10 9.36976E+11 1.23168E+10 9.36415E+11 1.23141E+10 2.583E+8 7.77048E+6 2.03938E+8 7.38071E+6 6.18939E+6 911718
8.607594936708860759493670886 2.92681E+13 9.26657E+10 1.77591E+12 2.0328E+10 9.47118E+11 1.24739E+10 9.45659E+11 1.24646E+10 2.28139E+8 7.14723E+6 1.81629E+8 6.81683E+6 4.62828E+6 803767
8.734177215189873417721518987 2.9527E+13 9.34859E+10 1.80866E+12 2.06337E+10 9.63474E+11 1.26181E+10 9.62325E+11 1.26098E+10 2.37587E+8 7.15319E+6 1.86055E+8 6.71148E+6 4.37708E+6 711095
8.860759493670886075949367089 2.97687E+13 9.4251E+10 1.81331E+12 2.07418E+10 9.54827E+11 1.26171E+10 9.53763E+11 1.26078E+10 2.31644E+8 6.92373E+6 1.8094E+8 6.5021E+6 5.10678E+6 778374
8.987341772151898734177215190 3.00282E+13 9.50725E+10 1.80385E+12 2.07669E+10 9.45986E+11 1.25729E+10 9.44947E+11 1.25667E+10 2.19429E+8 6.585E+6 1.77192E+8 6.26436E+6 3.3407E+6 594767
9.113924050632911392405063291 3.02825E+13 9.58776E+10 1.84518E+12 2.11317E+10 9.84433E+11 1.29677E+10 9.82969E+11 1.29574E+10 2.06463E+8 6.20232E+6 1.61849E+8 5.91414E+6 2.89802E+6 516015
9.240506329113924050632911392 3.05417E+13 9.66976E+10 1.86566E+12 2.13187E+10 9.8471E+11 1.30208E+10 9.83091E+11 1.30082E+10 2.10666E+8 6.33678E+6 1.61292E+8 5.95873E+6 2.20394E+6 415416
9.367088607594936708860759494 3.07947E+13 9.74984E+10 1.8662E+12 2.1406E+10 9.91116E+11 1.31043E+10 9.89287E+11 1.30928E+10 2.05009E+8 5.97969E+6 1.59162E+8 5.65419E+6 2.12815E+6 383480
9.493670886075949367088607595 3.10531E+13 9.83167E+10 1.88919E+12 2.16218E+10 1.01862E+12 1.3358E+10 1.01806E+12 1.33547E+10 1.76586E+8 5.29799E+6 1.35352E+8 5.00603E+6 2.29239E+6 446097
9.620253164556962025316455696 3.13067E+13 9.91193E+10 1.8772E+12 2.16387E+10 1.00354E+12 1.33008E+10 1.00193E+12 1.32897E+10 2.07707E+8 5.96767E+6 1.58728E+8 5.6569E+6 2.15053E+6 408957
9.746835443037974683544303797 3.15614E+13 9.99261E+10 1.88698E+12 2.17553E+10 9.97414E+11 1.32557E+10 9.95949E+11 1.32467E+10 1.92181E+8 5.5246E+6 1.47461E+8 5.22964E+6 1.95372E+6 375769
9.873417721518987341772151899 3.18122E+13 1.0072E+11 1.91895E+12 2.20592E+10 1.02748E+12 1.35813E+10 1.0264E+12 1.35734E+10 1.94937E+8 5.68404E+6 1.45595E+8 5.32337E+6 1.26936E+6 324963
10 3.20626E+13 1.01512E+11 1.92221E+12 2.21395E+10 1.02374E+12 1.35641E+10 1.02152E+12 1.35491E+10 1.7185E+8 5.11296E+6 1.28636E+8 4.79094E+6 792280 199083
